								
../read_file/split/020614/C	3600	3600000	1733363600	1733485800	3600	3600	2000	7.04937992569654E-005
../read_file/split/020614/BAC	3600	3600000	600669600	600667800	3600	3600	2000	-2.99666471217535E-006
../read_file/split/020614/BP	3600	3600000	1701524400	1701252000	3600	3600	2000	-0.0001601174
../read_file/split/020614/GE	3600	3600000	896500800	896485400	3600	3600	2000	-1.71781938668494E-005
../read_file/split/020614/F	3600	3600000	532470000	532470000	3600	3600	2000	0
../read_file/split/020614/S	3600	3600000	284472400	284476600	3600	3600	2000	0.000014764
../read_file/split/020614/PFE	3600	3600000	1108144000	1108098400	3600	3600	2000	-4.11515800401842E-005
../read_file/split/020614/JPM	3600	3600000	1991520000	1991520000	3600	3600	2000	0
../read_file/split/020614/WFC	3600	3600000	1607979200	1607880000	3600	3600	2000	-6.16961464785929E-005
../read_file/split/020614/LVS	3600	3600000	2742267700	2740481900	3600	3600	2000	-0.0006516372
../read_file/split/020614/XOM	3600	3600000	3232751500	3233827100	3600	3600	2000	0.000332609
../read_file/split/020614/NOK	3600	3600000	250959800	250959000	3600	3600	2000	-3.18777170772915E-006
../read_file/split/020614/T	3600	3600000	1149946600	1149975000	3600	3600	2000	2.4696189047588E-005
../read_file/split/020614/VALE	3600	3600000	520208600	520215800	3600	3600	2000	1.38404100759723E-005
../read_file/split/020614/MGM	3600	3600000	874697800	874699800	3600	3600	2000	2.28649875077141E-006
../read_file/split/020614/HAL	3600	3600000	1829058900	1828703800	3600	3600	2000	-0.0001941813
../read_file/split/020614/Q	3600	3600000	1773968300	1769374300	3600	3600	2000	-0.0025963981
../read_file/split/020614/BSX	3600	3600000	462675400	462675800	3600	3600	2000	8.64536247627388E-007
../read_file/split/020614/NWSA	3600	3600000	578372800	578388200	3600	3600	2000	2.66257160848026E-005
../read_file/split/020614/EMC	3600	3600000	872489800	872487400	3600	3600	2000	-2.75075605676369E-006
../read_file/split/020614/MO	3600	3600000	1243083600	1242635800	3600	3600	2000	-0.000360363
../read_file/split/020614/RIG	3600	3600000	1530277000	1530463600	3600	3600	2000	0.0001219238
../read_file/split/020614/RF	3600	3600000	367810400	367810400	3600	3600	2000	0
../read_file/split/020614/HD	3600	3600000	2739446100	2739010200	3600	3600	2000	-0.0001591451
../read_file/split/020614/WFT	3600	3600000	493012600	492773000	3600	3600	2000	-0.0004862279
../read_file/split/020614/GLW	3600	3600000	647836600	647641000	3600	3600	2000	-0.0003020192
../read_file/split/020614/BMY	3600	3600000	1762550900	1760664800	3600	3600	2000	-0.0010712431
../read_file/split/020614/VZ	3600	3600000	1679352200	1679133600	3600	3600	2000	-0.0001301862
../read_file/split/020614/CIM	3600	3600000	111600000	111600000	3600	3600	2000	0
../read_file/split/020614/THC	3600	3600000	1613275600	1614217900	3600	3600	2000	0.0005837502
../read_file/split/020614/SNV	3600	3600000	120661000	120661000	3600	3600	2000	0
../read_file/split/020614/WMT	3600	3600000	2619567800	2619352200	3600	3600	2000	-8.23104277462191E-005
../read_file/split/020614/MRK	3600	3600000	1932313800	1931002600	3600	3600	2000	-0.0006790255
../read_file/split/020614/HPQ	3600	3600000	1026547000	1026639400	3600	3600	2000	9.00023903232235E-005
../read_file/split/020614/CVS	3600	3600000	2373470700	2372523400	3600	3600	2000	-0.0003992795
../read_file/split/020614/CHK	3600	3600000	878968400	878902800	3600	3600	2000	-7.46385152032739E-005
../read_file/split/020614/MS	3600	3600000	1067846200	1068086400	3600	3600	2000	0.0002248882
../read_file/split/020614/XRX	3600	3600000	373591200	373591200	3600	3600	2000	0
../read_file/split/020614/PBR	3600	3600000	403672600	403619600	3600	3600	2000	-0.0001313118
../read_file/split/020614/JNJ	3600	3600000	3184658100	3183412300	3600	3600	2000	-0.0003913411
../read_file/split/020614/USB	3600	3600000	1428769200	1428554000	3600	3600	2000	-0.0001506418
../read_file/split/020614/PG	3600	3600000	2764947200	2764761000	3600	3600	2000	-6.7347593517125E-005
../read_file/split/020614/DTV	3600	3600000	2530268700	2530104300	3600	3600	2000	-6.49775584350416E-005
../read_file/split/020614/SLB	3600	3600000	3191831900	3191499500	3600	3600	2000	-0.0001041517
../read_file/split/020614/LOW	3600	3600000	1675172400	1674911400	3600	3600	2000	-0.0001558291
../read_file/split/020614/TXN	3600	3600000	1485826200	1485902000	3600	3600	2000	5.10127854999859E-005
../read_file/split/020614/WAG	3600	3600000	2129381100	2129211000	3600	3600	2000	-7.98887475219694E-005
../read_file/split/020614/FCX	3600	3600000	1138049400	1138490800	3600	3600	2000	0.0003877063
../read_file/split/020614/STX	3600	3600000	1770123100	1770329000	3600	3600	2000	0.0001163061
