									
../read_file/split/013014/C	3600	3600000	1742019200	1741819600	3600	3600	2000	-0.0001145928	-5.37754572892979E-005
../read_file/split/013014/BAC	3600	3600000	610662000	610662000	3600	3600	2000	0	5.58377670088487E-005
../read_file/split/013014/BP	3600	3600000	1709620700	1709437900	3600	3600	2000	-0.0001069357	
../read_file/split/013014/GE	3600	3600000	919879800	920032200	3600	3600	2000	0.0001656464	
../read_file/split/013014/F	3600	3600000	550777400	550777400	3600	3600	2000	0	
../read_file/split/013014/S	3600	3600000	303108800	303110400	3600	3600	2000	5.27860475919005E-006	
../read_file/split/013014/PFE	3600	3600000	1108688200	1108618000	3600	3600	2000	-6.33220820877886E-005	
../read_file/split/013014/JPM	3600	3600000	2021600900	2021187000	3600	3600	2000	-0.0002047807	
../read_file/split/013014/WFC	3600	3600000	1659696600	1659414000	3600	3600	2000	-0.0001703011	
../read_file/split/013014/LVS	3600	3600000	2818096200	2816850700	3600	3600	2000	-0.0004421605	
../read_file/split/013014/XOM	3600	3600000	3382044000	3382704400	3600	3600	2000	0.0001952284	
../read_file/split/013014/NOK	3600	3600000	254627600	254627600	3600	3600	2000	0	
../read_file/split/013014/T	3600	3600000	1201582000	1201605400	3600	3600	2000	1.94739471044321E-005	
../read_file/split/013014/VALE	3600	3600000	485752200	485909400	3600	3600	2000	0.0003235171	
../read_file/split/013014/MGM	3600	3600000	870497000	870420000	3600	3600	2000	-0.000088463	
../read_file/split/013014/HAL	3600	3600000	1784143200	1782271200	3600	3600	2000	-0.0010503452	
../read_file/split/013014/Q	3600	3600000	1717290400	1717274200	3600	3600	2000	-9.43355464141952E-006	
../read_file/split/013014/BSX	3600	3600000	488916600	488903800	3600	3600	2000	-0.000026181	
../read_file/split/013014/NWSA	3600	3600000	583566400	583563600	3600	3600	2000	-4.79810598193582E-006	
../read_file/split/013014/EMC	3600	3600000	886425200	886380000	3600	3600	2000	-5.0993930368465E-005	
../read_file/split/013014/MO	3600	3600000	1273700600	1273731200	3600	3600	2000	2.40239070849485E-005	
../read_file/split/013014/RIG	3600	3600000	1573464800	1573178000	3600	3600	2000	-0.0001823061	
../read_file/split/013014/RF	3600	3600000	375561200	375561200	3600	3600	2000	0	
../read_file/split/013014/HD	3600	3600000	2776830500	2777540900	3600	3600	2000	0.0002557658	
../read_file/split/013014/WFT	3600	3600000	483672200	483702000	3600	3600	2000	6.16081802432076E-005	
../read_file/split/013014/GLW	3600	3600000	626442600	626450200	3600	3600	2000	1.21318502252853E-005	
../read_file/split/013014/BMY	3600	3600000	1818769700	1816420800	3600	3600	2000	-0.0012931475	
../read_file/split/013014/VZ	3600	3600000	1717881000	1717671000	3600	3600	2000	-0.0001222586	
../read_file/split/013014/CIM	3600	3600000	112926000	112926000	3600	3600	2000	0	
../read_file/split/013014/THC	3600	3600000	1629486400	1631593600	3600	3600	2000	0.0012914981	
../read_file/split/013014/SNV	3600	3600000	124137200	124137200	3600	3600	2000	0	
../read_file/split/013014/WMT	3600	3600000	2694013000	2693393800	3600	3600	2000	-0.0002298958	
../read_file/split/013014/MRK	3600	3600000	1926633600	1927271200	3600	3600	2000	0.0003308305	
../read_file/split/013014/HPQ	3600	3600000	1053748000	1053592400	3600	3600	2000	-0.0001476852	
../read_file/split/013014/CVS	3600	3600000	2440967000	2440886600	3600	3600	2000	-3.29388509896363E-005	
../read_file/split/013014/CHK	3600	3600000	970491400	970499600	3600	3600	2000	8.44925644482491E-006	
../read_file/split/013014/MS	3600	3600000	1081539200	1081775400	3600	3600	2000	0.0002183448	
../read_file/split/013014/XRX	3600	3600000	395267800	395694000	3600	3600	2000	0.0010770949	
../read_file/split/013014/PBR	3600	3600000	407640800	407634800	3600	3600	2000	-1.47190573523163E-005	
../read_file/split/013014/JNJ	3600	3600000	3223717600	3222275200	3600	3600	2000	-0.000447634	
../read_file/split/013014/USB	3600	3600000	1443966000	1443846600	3600	3600	2000	-8.26957656028002E-005	
../read_file/split/013014/PG	3600	3600000	2774266300	2774129700	3600	3600	2000	-4.92406681634244E-005	
../read_file/split/013014/DTV	3600	3600000	2502484700	2501732400	3600	3600	2000	-0.0003007116	
../read_file/split/013014/SLB	3600	3600000	3212980800	3212299800	3600	3600	2000	-0.0002119976	
../read_file/split/013014/LOW	3600	3600000	1679772800	1679678800	3600	3600	2000	-5.59630805604024E-005	
../read_file/split/013014/TXN	3600	3600000	1538626400	1538422200	3600	3600	2000	-0.0001327334	
../read_file/split/013014/WAG	3600	3600000	2060899800	2059511800	3600	3600	2000	-0.0006739461	
../read_file/split/013014/FCX	3600	3600000	1169067800	1168764000	3600	3600	2000	-0.0002599327	
../read_file/split/013014/STX	3600	3600000	1916627600	1916539800	3600	3600	2000	-4.5811727990204E-005	
