								
../read_file/split/C	3600	3600000	1739096200	1734799900	3600	3600	2000	0.0024765392
../read_file/split/BAC	3600	3600000	601269000	601258000	3600	3600	2000	0.000018295
../read_file/split/BP	3600	3600000	1702907500	1701728000	3600	3600	2000	0.000693119
../read_file/split/GE	3600	3600000	909890200	910383000	3600	3600	2000	-0.0005413106
../read_file/split/F	3600	3600000	550649600	550635800	3600	3600	2000	2.50619374911693E-005
../read_file/split/S	3600	3600000	308675600	308680400	3600	3600	2000	-1.55500640792224E-005
../read_file/split/PFE	3600	3600000	1085963400	1086079800	3600	3600	2000	-0.0001071744
../read_file/split/JPM	3600	3600000	1997637800	1995617400	3600	3600	2000	0.0010124185
../read_file/split/WFC	3600	3600000	1644805200	1643379000	3600	3600	2000	0.0008678461
../read_file/split/LVS	3600	3600000	2679640300	2675893100	3600	3600	2000	0.0014003549
../read_file/split/XOM	3600	3600000	3446914400	3442024300	3600	3600	2000	0.0014207047
../read_file/split/NOK	3600	3600000	253359800	253359800	3600	3600	2000	0
../read_file/split/T	3600	3600000	1202234600	1201619600	3600	3600	2000	0.0005118092
../read_file/split/VALE	3600	3600000	488051000	488227000	3600	3600	2000	-0.0003604881
../read_file/split/MGM	3600	3600000	843612600	842008000	3600	3600	2000	0.0019056826
../read_file/split/HAL	3600	3600000	1733586900	1733731600	3600	3600	2000	-8.3461592324902E-005
../read_file/split/Q	3600	3600000	1677762200	1676850600	3600	3600	2000	0.0005436382
../read_file/split/BSX	3600	3600000	473730200	473863000	3600	3600	2000	-0.0002802498
../read_file/split/NWSA	3600	3600000	582233800	582231200	3600	3600	2000	4.46557999640006E-006
../read_file/split/EMC	3600	3600000	886906200	886827800	3600	3600	2000	0.000088405
../read_file/split/MO	3600	3600000	1305903000	1306127800	3600	3600	2000	-0.0001721118
../read_file/split/RIG	3600	3600000	1583252300	1581879500	3600	3600	2000	0.0008678284
../read_file/split/RF	3600	3600000	371629600	371630400	3600	3600	2000	-2.15267642259621E-006
../read_file/split/HD	3600	3600000	2777732000	2774065600	3600	3600	2000	0.0013216703
../read_file/split/WFT	3600	3600000	495711400	495518600	3600	3600	2000	0.0003890873
../read_file/split/GLW	3600	3600000	617828000	617840600	3600	3600	2000	-2.03936096138713E-005
../read_file/split/BMY	3600	3600000	1808840400	1807584800	3600	3600	2000	0.0006946285
../read_file/split/VZ	3600	3600000	1719888000	1718557000	3600	3600	2000	0.000774487
../read_file/split/CIM	3600	3600000	112320000	112320000	3600	3600	2000	0
../read_file/split/THC	3600	3600000	1628883300	1628017300	3600	3600	2000	0.0005319354
../read_file/split/SNV	3600	3600000	122298000	122298000	3600	3600	2000	0
../read_file/split/WMT	3600	3600000	2675619000	2673823000	3600	3600	2000	0.0006716974
../read_file/split/MRK	3600	3600000	1879264600	1878061600	3600	3600	2000	0.0006405541
../read_file/split/HPQ	3600	3600000	1045298400	1045128600	3600	3600	2000	0.000162468
../read_file/split/CVS	3600	3600000	2428532600	2426823900	3600	3600	2000	0.000704089
../read_file/split/CHK	3600	3600000	983996400	983381600	3600	3600	2000	0.0006251897
../read_file/split/MS	3600	3600000	1083322300	1082379500	3600	3600	2000	0.0008710438
../read_file/split/XRX	3600	3600000	382388200	382280000	3600	3600	2000	0.0002830386
../read_file/split/PBR	3600	3600000	407828300	407546500	3600	3600	2000	0.0006914548
../read_file/split/JNJ	3600	3600000	3199955200	3198552700	3600	3600	2000	0.0004384796
../read_file/split/USB	3600	3600000	1434711100	1434091700	3600	3600	2000	0.000431911
../read_file/split/PG	3600	3600000	2794253700	2793856100	3600	3600	2000	0.0001423123
../read_file/split/DTV	3600	3600000	2473905500	2472860300	3600	3600	2000	0.0004226684
../read_file/split/SLB	3600	3600000	3141662500	3140025300	3600	3600	2000	0.0005213971
../read_file/split/LOW	3600	3600000	1663869600	1663004000	3600	3600	2000	0.0005205039
../read_file/split/TXN	3600	3600000	1527482400	1526471800	3600	3600	2000	0.0006620496
../read_file/split/WAG	3600	3600000	2041820900	2039953800	3600	3600	2000	0.0009152658
../read_file/split/FCX	3600	3600000	1171290400	1169621000	3600	3600	2000	0.0014273
../read_file/split/STX	3600	3600000	1924846300	1925478500	3600	3600	2000	-0.000328334
