							strat	unif	
3600	3600000	136630800	136630800	3600	3600	2000	3.7953	3.7953	0
3600	3600000	523369200	523383000	3600	3600	2000	14.5380333333	14.5384166667	2.6366924412926E-005
3600	3600000	1037327200	1037300200	3600	3600	2000	28.8146444444	28.8138944444	-2.60291090274551E-005
3600	3600000	524075600	524086800	3600	3600	2000	14.5576555556	14.5579666667	2.13705058017287E-005
3600	3600000	370514600	373079400	3600	3600	2000	10.2920722222	10.3633166667	0.006874676
3600	3600000	154203800	154203800	3600	3600	2000	4.2834388889	4.2834388889	0
3600	3600000	517113600	518140400	3600	3600	2000	14.3642666667	14.3927888889	0.0019817023
3600	3600000	1332438400	1331716000	3600	3600	2000	37.0121777778	36.9921111111	-0.000542458
3600	3600000	929046200	933441000	3600	3600	2000	25.8068388889	25.9289166667	0.0047081712
3600	3600000	12443824	12443824	3600	3600	2000	0.3456617778	0.3456617778	0
3600	3600000	813763800	819527200	3600	3600	2000	22.60455	22.7646444444	0.0070325915
3600	3600000	2071073300	2074311600	3600	3600	2000	57.5298138889	57.6197666667	0.0015611444
3600	3600000	295777800	295777800	3600	3600	2000	8.21605	8.21605	0
3600	3600000	874156800	874592400	3600	3600	2000	24.2821333333	24.2942333333	0.0004980606
3600	3600000	886068400	890689400	3600	3600	2000	24.6130111111	24.7413722222	0.0051881161
3600	3600000	14807200	14807200	3600	3600	2000	0.4113111111	0.4113111111	0
3600	3600000	355507600	358326200	3600	3600	2000	9.8752111111	9.9535055556	0.0078660171
3600	3600000	898501000	901560200	3600	3600	2000	24.9583611111	25.0433388889	0.0033932288
3600	3600000	189713200	189713200	3600	3600	2000	5.2698111111	5.2698111111	0
3600	3600000	210927000	210927000	3600	3600	2000	5.8590833333	5.8590833333	0
3600	3600000	438249400	438249400	3600	3600	2000	12.1735944444	12.1735944444	0
3600	3600000	668115200	668156000	3600	3600	2000	18.5587555556	18.5598888889	6.10635839533695E-005
3600	3600000	724125200	724177000	3600	3600	2000	20.1145888889	20.1160277778	7.15294741478556E-005
3600	3600000	237505800	237505800	3600	3600	2000	6.5973833333	6.5973833333	0
3600	3600000	1676660000	1683483200	3600	3600	2000	46.5738888889	46.7634222222	0.0040530253
3600	3600000	240356000	240374200	3600	3600	2000	6.6765555556	6.6770611111	7.57152805915749E-005
3600	3600000	1024507200	1027852000	3600	3600	2000	28.4585333333	28.5514444444	0.003254165
3600	3600000	481429400	481229400	3600	3600	2000	13.3730388889	13.3674833333	-0.0004156022
3600	3600000	588400600	588570000	3600	3600	2000	16.3444611111	16.3491666667	0.0002878162
3600	3600000	905114200	905171000	3600	3600	2000	25.1420611111	25.1436388889	6.27505742009547E-005
3600	3600000	1016987800	1017189800	3600	3600	2000	28.2496611111	28.2552722222	0.0001985863
3600	3600000	132395000	132395000	3600	3600	2000	3.6776388889	3.6776388889	0
3600	3600000	157814400	157909200	3600	3600	2000	4.3837333333	4.3863666667	0.000600345
3600	3600000	92207400	92207400	3600	3600	2000	2.5613166667	2.5613166667	0
3600	3600000	1740340400	1741074200	3600	3600	2000	48.3427888889	48.3631722222	0.0004214639
3600	3600000	1266216400	1266233800	3600	3600	2000	35.1726777778	35.1731611111	1.37415380951496E-005
3600	3600000	1574721200	1577720000	3600	3600	2000	43.7422555556	43.8255555556	0.0019007175
3600	3600000	1065436800	1066297200	3600	3600	2000	29.5954666667	29.6193666667	0.0008069045
3600	3600000	763566600	764804600	3600	3600	2000	21.2101833333	21.2445722222	0.0016187141
3600	3600000	842605800	844196400	3600	3600	2000	23.4057166667	23.4499	0.0018841587
3600	3600000	288745800	288751600	3600	3600	2000	8.0207166667	8.0208777778	2.00864687850111E-005
3600	3600000	1250432400	1255035200	3600	3600	2000	34.7342333333	34.8620888889	0.0036674669
3600	3600000	2132105200	2134226400	3600	3600	2000	59.2251444444	59.2840666667	0.0009938964
3600	3600000	811232400	811002000	3600	3600	2000	22.5342333333	22.5278333333	-0.000284093
3600	3600000	2167127400	2167889000	3600	3600	2000	60.1979833333	60.2191388889	0.0003513095
3600	3600000	1237074400	1238380000	3600	3600	2000	34.3631777778	34.3994444444	0.0010542806
3600	3600000	2018756600	2021526600	3600	3600	2000	56.0765722222	56.1535166667	0.0013702516
3600	3600000	742968200	744824000	3600	3600	2000	20.6380055556	20.6895555556	0.0024915953
3600	3600000	844440600	845856400	3600	3600	2000	23.4566833333	23.4960111111	0.0016738066
3600	3600000	966944000	967530200	3600	3600	2000	26.8595555556	26.8758388889	0.0006058726
3600	3600000	2152828400	2157773400	3600	3600	2000	59.8007888889	59.93815	0.0022917142
3600	3600000	474894400	476629400	3600	3600	2000	13.1915111111	13.2397055556	0.0036401447
3600	3600000	1404431800	1408650000	3600	3600	2000	39.0119944444	39.1291666667	0.0029944983
3600	3600000	356017000	356017000	3600	3600	2000	9.8893611111	9.8893611111	0
3600	3600000	383217400	383226000	3600	3600	2000	10.6449277778	10.6451666667	2.24410661072275E-005
3600	3600000	515095200	515765400	3600	3600	2000	14.3082	14.3268166667	0.001299428
3600	3600000	623251600	623267000	3600	3600	2000	17.3125444444	17.3129722222	2.47085117613431E-005
3600	3600000	2469204000	2472784600	3600	3600	2000	68.589	68.6884611111	0.0014480032
3600	3600000	897153000	899827600	3600	3600	2000	24.9209166667	24.9952111111	0.0029723471
3600	3600000	491473400	493495000	3600	3600	2000	13.6520388889	13.7081944444	0.0040964954
3600	3600000	1150641600	1150477600	3600	3600	2000	31.9622666667	31.9577111111	-0.0001425495
3600	3600000	1789970900	1793711300	3600	3600	2000	49.7214138889	49.8253138889	0.0020852854
3600	3600000	282367200	282406200	3600	3600	2000	7.8435333333	7.8446166667	0.000138099
3600	3600000	1010702200	1011005200	3600	3600	2000	28.0750611111	28.0834777778	0.0002997017
3600	3600000	864160800	867253600	3600	3600	2000	24.0044666667	24.0903777778	0.0035662002
3600	3600000	658444600	658652800	3600	3600	2000	18.2901277778	18.2959111111	0.0003160998
3600	3600000	318783400	319610400	3600	3600	2000	8.8550944444	8.8780666667	0.0025875253
3600	3600000	1810932600	1813908000	3600	3600	2000	50.3036833333	50.3863333333	0.0016403257
3600	3600000	1656150800	1657333000	3600	3600	2000	46.0041888889	46.0370277778	0.0007133147
3600	3600000	437079600	437464800	3600	3600	2000	12.1411	12.1518	0.000880528
3600	3600000	1028783800	1028721000	3600	3600	2000	28.5773277778	28.5755833333	-6.10466783510745E-005
3600	3600000	4757144200	4764053000	3600	3600	2000	132.1428944444	132.3348055556	0.0014501938
