									
../read_file/split/063010/C	3600	3600000	136630800	136630800	3600	3600	2000	0	0.0013227888
../read_file/split/063010/BAC	3600	3600000	523369200	523383000	3600	3600	2000	2.6366924412906E-005	0.0002954472
../read_file/split/063010/BP	3600	3600000	1037327200	1037300200	3600	3600	2000	-2.60291090274541E-005	
../read_file/split/063010/GE	3600	3600000	524075600	524086800	3600	3600	2000	2.13705058017107E-005	
../read_file/split/063010/F	3600	3600000	370514600	373079400	3600	3600	2000	0.006874676	
../read_file/split/063010/S	3600	3600000	154203800	154203800	3600	3600	2000	0	
../read_file/split/063010/PFE	3600	3600000	517113600	518140400	3600	3600	2000	0.0019817023	
../read_file/split/063010/JPM	3600	3600000	1332438400	1331716000	3600	3600	2000	-0.000542458	
../read_file/split/063010/WFC	3600	3600000	929046200	933441000	3600	3600	2000	0.0047081712	
../read_file/split/063010/FNM	3600	3600000	12443824	12443824	3600	3600	2000	0	
../read_file/split/063010/LVS	3600	3600000	813763800	819527200	3600	3600	2000	0.0070325915	
../read_file/split/063010/XOM	3600	3600000	2071073300	2074311600	3600	3600	2000	0.0015611444	
../read_file/split/063010/NOK	3600	3600000	295777800	295777800	3600	3600	2000	0	
../read_file/split/063010/T	3600	3600000	874156800	874592400	3600	3600	2000	0.0004980606	
../read_file/split/063010/VALE	3600	3600000	886068400	890689400	3600	3600	2000	0.0051881161	
../read_file/split/063010/FRE	3600	3600000	14807200	14807200	3600	3600	2000	0	
../read_file/split/063010/MGM	3600	3600000	355507600	358326200	3600	3600	2000	0.0078660171	
../read_file/split/063010/HAL	3600	3600000	898501000	901560200	3600	3600	2000	0.0033932288	
../read_file/split/063010/Q	3600	3600000	189713200	189713200	3600	3600	2000	0	
../read_file/split/063010/BSX	3600	3600000	210927000	210927000	3600	3600	2000	0	
../read_file/split/063010/NWSA	3600	3600000	438249400	438249400	3600	3600	2000	0	
../read_file/split/063010/EMC	3600	3600000	668115200	668156000	3600	3600	2000	6.1063583953448E-005	
../read_file/split/063010/MO	3600	3600000	724125200	724177000	3600	3600	2000	7.15294741478948E-005	
../read_file/split/063010/MOT	3600	3600000	237505800	237505800	3600	3600	2000	0	
../read_file/split/063010/RIG	3600	3600000	1676660000	1683483200	3600	3600	2000	0.0040530253	
../read_file/split/063010/RF	3600	3600000	240356000	240374200	3600	3600	2000	7.57152805916775E-005	
../read_file/split/063010/HD	3600	3600000	1024507200	1027852000	3600	3600	2000	0.003254165	
../read_file/split/063010/WFT	3600	3600000	481429400	481229400	3600	3600	2000	-0.0004156022	
../read_file/split/063010/GLW	3600	3600000	588400600	588570000	3600	3600	2000	0.0002878162	
../read_file/split/063010/BMY	3600	3600000	905114200	905171000	3600	3600	2000	6.27505742008969E-005	
../read_file/split/063010/VZ	3600	3600000	1016987800	1017189800	3600	3600	2000	0.0001985863	
../read_file/split/063010/CIM	3600	3600000	132395000	132395000	3600	3600	2000	0	
../read_file/split/063010/THC	3600	3600000	157814400	157909200	3600	3600	2000	0.000600345	
../read_file/split/063010/SNV	3600	3600000	92207400	92207400	3600	3600	2000	0	
../read_file/split/063010/WMT	3600	3600000	1740340400	1741074200	3600	3600	2000	0.0004214639	
../read_file/split/063010/MRK	3600	3600000	1266216400	1266233800	3600	3600	2000	1.37415380950974E-005	
../read_file/split/063010/HPQ	3600	3600000	1574721200	1577720000	3600	3600	2000	0.0019007175	
../read_file/split/063010/CVS	3600	3600000	1065436800	1066297200	3600	3600	2000	0.0008069045	
../read_file/split/063010/CHK	3600	3600000	763566600	764804600	3600	3600	2000	0.0016187141	
../read_file/split/063010/MS	3600	3600000	842605800	844196400	3600	3600	2000	0.0018841587	
../read_file/split/063010/XRX	3600	3600000	288745800	288751600	3600	3600	2000	2.00864687849349E-005	
../read_file/split/063010/PBR	3600	3600000	1250432400	1255035200	3600	3600	2000	0.0036674669	
../read_file/split/063010/JNJ	3600	3600000	2132105200	2134226400	3600	3600	2000	0.0009938964	
../read_file/split/063010/USB	3600	3600000	811232400	811002000	3600	3600	2000	-0.000284093	
../read_file/split/063010/PG	3600	3600000	2167127400	2167889000	3600	3600	2000	0.0003513095	
../read_file/split/063010/DTV	3600	3600000	1237074400	1238380000	3600	3600	2000	0.0010542806	
../read_file/split/063010/SLB	3600	3600000	2018756600	2021526600	3600	3600	2000	0.0013702516	
../read_file/split/063010/LOW	3600	3600000	742968200	744824000	3600	3600	2000	0.0024915953	
../read_file/split/063010/TXN	3600	3600000	844440600	845856400	3600	3600	2000	0.0016738066	
../read_file/split/063010/WAG	3600	3600000	966944000	967530200	3600	3600	2000	0.0006058726	
../read_file/split/063010/FCX	3600	3600000	2152828400	2157773400	3600	3600	2000		
../read_file/split/063010/STX	3600	3600000	474894400	476629400	3600	3600	2000		
