									
../read_file/split/013114/C	3600	3600000	1726635400	1723899400	3600	3600	2000	0.0015870996	0.0004937877
../read_file/split/013114/BAC	3600	3600000	608140600	608138600	3600	3600	2000	3.28872398496001E-006	6.55096064924395E-005
../read_file/split/013114/BP	3600	3600000	1691489800	1690554600	3600	3600	2000	0.0005531912	
../read_file/split/013114/GE	3600	3600000	909843200	909843200	3600	3600	2000	0	
../read_file/split/013114/F	3600	3600000	538382200	538382200	3600	3600	2000	0	
../read_file/split/013114/S	3600	3600000	301319000	301056400	3600	3600	2000	0.0008722618	
../read_file/split/013114/PFE	3600	3600000	1098616400	1098521600	3600	3600	2000	8.62978024282818E-005	
../read_file/split/013114/JPM	3600	3600000	2013345600	2011267200	3600	3600	2000	0.0010333784	
../read_file/split/013114/WFC	3600	3600000	1641441800	1640755800	3600	3600	2000	0.0004181	
../read_file/split/013114/LVS	3600	3600000	2773358900	2769715900	3600	3600	2000	0.0013152974	
../read_file/split/013114/XOM	3600	3600000	3338168500	3335397500	3600	3600	2000	0.0008307855	
../read_file/split/013114/NOK	3600	3600000	249399000	249399000	3600	3600	2000	0	
../read_file/split/013114/T	3600	3600000	1207476600	1207360200	3600	3600	2000	9.64086773773063E-005	
../read_file/split/013114/VALE	3600	3600000	492451600	492440000	3600	3600	2000	2.35561692795061E-005	
../read_file/split/013114/MGM	3600	3600000	879430400	879113800	3600	3600	2000	0.0003601354	
../read_file/split/013114/HAL	3600	3600000	1775440400	1773747000	3600	3600	2000	0.0009547021	
../read_file/split/013114/Q	3600	3600000	1709018800	1708663400	3600	3600	2000	0.0002079988	
../read_file/split/013114/BSX	3600	3600000	488729800	488725600	3600	3600	2000	8.59377941323311E-006	
../read_file/split/013114/NWSA	3600	3600000	578015400	577452400	3600	3600	2000	0.0009749721	
../read_file/split/013114/EMC	3600	3600000	873177200	873140800	3600	3600	2000	4.168857989456E-005	
../read_file/split/013114/MO	3600	3600000	1275949400	1274741800	3600	3600	2000	0.0009473291	
../read_file/split/013114/RIG	3600	3600000	1569226400	1567178900	3600	3600	2000	0.0013064877	
../read_file/split/013114/RF	3600	3600000	368595800	368595800	3600	3600	2000	0	
../read_file/split/013114/HD	3600	3600000	2780929900	2776842300	3600	3600	2000	0.0014720317	
../read_file/split/013114/WFT	3600	3600000	487248800	487170800	3600	3600	2000	0.0001601081	
../read_file/split/013114/GLW	3600	3600000	622720400	622720400	3600	3600	2000	0	
../read_file/split/013114/BMY	3600	3600000	1808291800	1806369100	3600	3600	2000	0.0010644004	
../read_file/split/013114/VZ	3600	3600000	1738470600	1736916600	3600	3600	2000	0.0008946889	
../read_file/split/013114/CIM	3600	3600000	112468000	112468000	3600	3600	2000	0	
../read_file/split/013114/THC	3600	3600000	1661642000	1660628400	3600	3600	2000	0.0006103714	
../read_file/split/013114/SNV	3600	3600000	120817800	120817800	3600	3600	2000	0	
../read_file/split/013114/WMT	3600	3600000	2700517600	2700485800	3600	3600	2000	1.17756590314232E-005	
../read_file/split/013114/MRK	3600	3600000	1915491000	1914357200	3600	3600	2000	0.0005922615	
../read_file/split/013114/HPQ	3600	3600000	1046242600	1045818800	3600	3600	2000	0.0004052327	
../read_file/split/013114/CVS	3600	3600000	2445176200	2444572000	3600	3600	2000	0.0002471598	
../read_file/split/013114/CHK	3600	3600000	979819800	979246000	3600	3600	2000	0.000585961	
../read_file/split/013114/MS	3600	3600000	1069247000	1068731800	3600	3600	2000	0.0004820667	
../read_file/split/013114/XRX	3600	3600000	395342000	395342000	3600	3600	2000	0	
../read_file/split/013114/PBR	3600	3600000	406142600	405958600	3600	3600	2000	0.0004532482	
../read_file/split/013114/JNJ	3600	3600000	3189204500	3188282600	3600	3600	2000	0.0002891525	
../read_file/split/013114/USB	3600	3600000	1439652400	1438691000	3600	3600	2000	0.0006682463	
../read_file/split/013114/PG	3600	3600000	2772696200	2771008200	3600	3600	2000	0.0006091646	
../read_file/split/013114/DTV	3600	3600000	2508090700	2505304200	3600	3600	2000	0.0011122402	
../read_file/split/013114/SLB	3600	3600000	3169208500	3166141100	3600	3600	2000	0.0009688134	
../read_file/split/013114/LOW	3600	3600000	1676449200	1675184600	3600	3600	2000	0.0007549019	
../read_file/split/013114/TXN	3600	3600000	1525911800	1526038600	3600	3600	2000	-0.000083091	
../read_file/split/013114/WAG	3600	3600000	2067361200	2066339800	3600	3600	2000	0.000494304	
../read_file/split/013114/FCX	3600	3600000	1166790400	1166561000	3600	3600	2000	0.0001966464	
../read_file/split/013114/STX	3600	3600000	1912500700	1911383800	3600	3600	2000	0.000584341	
