								
../read_file/split/020414/C	3600	3600000	1685387600	1687635600	3600	3600	2000	0.0013320411
../read_file/split/020414/BAC	3600	3600000	590134600	590134600	3600	3600	2000	0
../read_file/split/020414/BP	3600	3600000	1663925800	1664755200	3600	3600	2000	0.0004982114
../read_file/split/020414/GE	3600	3600000	883009400	883040000	3600	3600	2000	0.000034653
../read_file/split/020414/F	3600	3600000	533666000	533666600	3600	3600	2000	1.12429745462804E-006
../read_file/split/020414/S	3600	3600000	282800400	282975800	3600	3600	2000	0.000619841
../read_file/split/020414/PFE	3600	3600000	1128560200	1130208400	3600	3600	2000	0.0014583151
../read_file/split/020414/JPM	3600	3600000	1976521600	1978630800	3600	3600	2000	0.0010659897
../read_file/split/020414/WFC	3600	3600000	1607681400	1607575000	3600	3600	2000	-6.61866475903146E-005
../read_file/split/020414/LVS	3600	3600000	2702271700	2706959100	3600	3600	2000	0.0017316109
../read_file/split/020414/XOM	3600	3600000	3233872800	3237425700	3600	3600	2000	0.001097446
../read_file/split/020414/NOK	3600	3600000	244255000	244255000	3600	3600	2000	0
../read_file/split/020414/T	3600	3600000	1164535400	1164602000	3600	3600	2000	5.7186918792858E-005
../read_file/split/020414/VALE	3600	3600000	490932800	490932800	3600	3600	2000	0
../read_file/split/020414/MGM	3600	3600000	872297000	873515400	3600	3600	2000	0.0013948237
../read_file/split/020414/HAL	3600	3600000	1774505600	1776701400	3600	3600	2000	0.0012358858
../read_file/split/020414/Q	3600	3600000	1681347000	1680992000	3600	3600	2000	-0.0002111848
../read_file/split/020414/BSX	3600	3600000	462659000	463794600	3600	3600	2000	0.0024484977
../read_file/split/020414/NWSA	3600	3600000	557632000	557719000	3600	3600	2000	0.0001559925
../read_file/split/020414/EMC	3600	3600000	852428800	852491800	3600	3600	2000	0.000073901
../read_file/split/020414/MO	3600	3600000	1239938200	1240282600	3600	3600	2000	0.0002776787
../read_file/split/020414/RIG	3600	3600000	1523988500	1525785100	3600	3600	2000	0.0011774922
../read_file/split/020414/RF	3600	3600000	359975800	359975800	3600	3600	2000	0
../read_file/split/020414/HD	3600	3600000	2691348800	2694886600	3600	3600	2000	0.0013127825
../read_file/split/020414/WFT	3600	3600000	485989600	485834400	3600	3600	2000	-0.0003194504
../read_file/split/020414/GLW	3600	3600000	618535800	618515600	3600	3600	2000	-3.26588367375051E-005
../read_file/split/020414/BMY	3600	3600000	1762122500	1765023000	3600	3600	2000	0.0016433214
../read_file/split/020414/VZ	3600	3600000	1679523800	1680300400	3600	3600	2000	0.0004621793
../read_file/split/020414/CIM	3600	3600000	111600000	111600000	3600	3600	2000	0
../read_file/split/020414/THC	3600	3600000	1598189600	1598720800	3600	3600	2000	0.0003322656
../read_file/split/020414/SNV	3600	3600000	118921800	118923000	3600	3600	2000	1.00905628011402E-005
../read_file/split/020414/WMT	3600	3600000	2616281000	2619234000	3600	3600	2000	0.0011274289
../read_file/split/020414/MRK	3600	3600000	1920724900	1923061800	3600	3600	2000	0.0012151976
../read_file/split/020414/HPQ	3600	3600000	1018325600	1018397800	3600	3600	2000	7.08956755405402E-005
../read_file/split/020414/CVS	3600	3600000	2376376700	2377309500	3600	3600	2000	0.0003923763
../read_file/split/020414/CHK	3600	3600000	955551400	955761400	3600	3600	2000	0.0002197201
../read_file/split/020414/MS	3600	3600000	1045897800	1047054400	3600	3600	2000	0.0011046226
../read_file/split/020414/XRX	3600	3600000	374014200	374014200	3600	3600	2000	0
../read_file/split/020414/PBR	3600	3600000	398274000	398535200	3600	3600	2000	0.0006554001
../read_file/split/020414/JNJ	3600	3600000	3114008600	3115762900	3600	3600	2000	0.0005630403
../read_file/split/020414/USB	3600	3600000	1407299400	1407940000	3600	3600	2000	0.000454991
../read_file/split/020414/PG	3600	3600000	2737068000	2740250000	3600	3600	2000	0.0011612079
../read_file/split/020414/DTV	3600	3600000	2478471800	2481099700	3600	3600	2000	0.0010591674
../read_file/split/020414/SLB	3600	3600000	3141726700	3145552900	3600	3600	2000	0.0012163839
../read_file/split/020414/LOW	3600	3600000	1618405200	1619699600	3600	3600	2000	0.0007991605
../read_file/split/020414/TXN	3600	3600000	1474582600	1475655400	3600	3600	2000	0.000726999
../read_file/split/020414/WAG	3600	3600000	2006938000	2008925400	3600	3600	2000	0.0009892851
../read_file/split/020414/FCX	3600	3600000	1116429600	1117113200	3600	3600	2000	0.0006119344
../read_file/split/020414/STX	3600	3600000	1791242000	1793671200	3600	3600	2000	0.0013543173
