								
../read_file/split/021114/C	3600	3600000	1789894800	1789072600	3600	3600	2000	-0.0004595677
../read_file/split/021114/BAC	3600	3600000	608186600	608186600	3600	3600	2000	0
../read_file/split/021114/BP	3600	3600000	1751980400	1751842000	3600	3600	2000	-7.90025584499059E-005
../read_file/split/021114/GE	3600	3600000	916834600	916694600	3600	3600	2000	-0.0001527226
../read_file/split/021114/F	3600	3600000	538294200	538294200	3600	3600	2000	0
../read_file/split/021114/S	3600	3600000	283786400	283811200	3600	3600	2000	0.000087382
../read_file/split/021114/PFE	3600	3600000	1148421200	1148347600	3600	3600	2000	-6.40920919763319E-005
../read_file/split/021114/JPM	3600	3600000	2068155800	2067917000	3600	3600	2000	-0.0001154785
../read_file/split/021114/WFC	3600	3600000	1657531400	1657513800	3600	3600	2000	-1.06183128007743E-005
../read_file/split/021114/LVS	3600	3600000	2820325900	2819960100	3600	3600	2000	-0.0001297181
../read_file/split/021114/XOM	3600	3600000	3272463400	3272405600	3600	3600	2000	-1.76628471727343E-005
../read_file/split/021114/NOK	3600	3600000	264897000	264897000	3600	3600	2000	0
../read_file/split/021114/T	3600	3600000	1188279800	1188282000	3600	3600	2000	1.85141237517694E-006
../read_file/split/021114/VALE	3600	3600000	519991600	520203800	3600	3600	2000	0.0004079171
../read_file/split/021114/MGM	3600	3600000	907403400	907019600	3600	3600	2000	-0.0004231441
../read_file/split/021114/HAL	3600	3600000	1939547400	1940236200	3600	3600	2000	0.0003550083
../read_file/split/021114/Q	3600	3600000	1765908000	1764083400	3600	3600	2000	-0.0010343048
../read_file/split/021114/BSX	3600	3600000	461757200	461757200	3600	3600	2000	0
../read_file/split/021114/NWSA	3600	3600000	644394600	644404000	3600	3600	2000	1.45871223642311E-005
../read_file/split/021114/EMC	3600	3600000	899796200	899725600	3600	3600	2000	-7.84683685781531E-005
../read_file/split/021114/MO	3600	3600000	1265401000	1264913200	3600	3600	2000	-0.0003856391
../read_file/split/021114/RIG	3600	3600000	1583279000	1584879400	3600	3600	2000	0.0010097929
../read_file/split/021114/RF	3600	3600000	370893600	370894000	3600	3600	2000	1.07847525168916E-006
../read_file/split/021114/HD	3600	3600000	2766789200	2767776400	3600	3600	2000	0.0003566762
../read_file/split/021114/WFT	3600	3600000	501690800	501767800	3600	3600	2000	0.0001534574
../read_file/split/021114/GLW	3600	3600000	675230200	676403400	3600	3600	2000	0.0017344679
../read_file/split/021114/BMY	3600	3600000	1898797600	1898888800	3600	3600	2000	4.8028088848594E-005
../read_file/split/021114/VZ	3600	3600000	1700630400	1699742800	3600	3600	2000	-0.0005221967
../read_file/split/021114/CIM	3600	3600000	113040000	113040000	3600	3600	2000	0
../read_file/split/021114/THC	3600	3600000	1647635100	1644075900	3600	3600	2000	-0.0021648636
../read_file/split/021114/SNV	3600	3600000	122313200	122313200	3600	3600	2000	0
../read_file/split/021114/WMT	3600	3600000	2691030000	2691051800	3600	3600	2000	8.10092172881994E-006
../read_file/split/021114/MRK	3600	3600000	2002433000	2001057400	3600	3600	2000	-0.0006874366
../read_file/split/021114/HPQ	3600	3600000	1060127200	1060207800	3600	3600	2000	7.60228325050995E-005
../read_file/split/021114/CVS	3600	3600000	2475649500	2475920300	3600	3600	2000	0.0001093735
../read_file/split/021114/CHK	3600	3600000	893052600	892934800	3600	3600	2000	-0.0001319245
../read_file/split/021114/MS	3600	3600000	1090881200	1090815400	3600	3600	2000	-6.03218473079863E-005
../read_file/split/021114/XRX	3600	3600000	382880200	382880200	3600	3600	2000	0
../read_file/split/021114/PBR	3600	3600000	422034400	421403600	3600	3600	2000	-0.0014969023
../read_file/split/021114/JNJ	3600	3600000	3339019200	3336022200	3600	3600	2000	-0.0008983753
../read_file/split/021114/USB	3600	3600000	1452807200	1452854600	3600	3600	2000	3.26254258340786E-005
../read_file/split/021114/PG	3600	3600000	2844784400	2845037400	3600	3600	2000	8.89267747411686E-005
../read_file/split/021114/DTV	3600	3600000	2564339200	2565218400	3600	3600	2000	0.0003427388
../read_file/split/021114/SLB	3600	3600000	3256530400	3256334400	3600	3600	2000	-6.01903784820134E-005
../read_file/split/021114/LOW	3600	3600000	1684450800	1683717600	3600	3600	2000	-0.0004354649
../read_file/split/021114/TXN	3600	3600000	1555899200	1556098600	3600	3600	2000	0.000128141
../read_file/split/021114/WAG	3600	3600000	2294271700	2290454300	3600	3600	2000	-0.0016666563
../read_file/split/021114/FCX	3600	3600000	1198264000	1197679400	3600	3600	2000	-0.0004881106
../read_file/split/021114/STX	3600	3600000	1784182400	1785808400	3600	3600	2000	0.000910512
