									
../read_file/split/C	3600	3600000	1671128400	1670220800	3600	3600	2000	-0.0005434012	-0.0002218778
../read_file/split/BAC	3600	3600000	590113600	590113600	3600	3600	2000	0	9.22808161786432E-005
../read_file/split/BP	3600	3600000	1658674200	1658627000	3600	3600	2000	-2.84572721895881E-005	
../read_file/split/GE	3600	3600000	878510400	878519200	3600	3600	2000	1.00168556361659E-005	
../read_file/split/F	3600	3600000	523279800	523274400	3600	3600	2000	-1.031963344662E-005	
../read_file/split/S	3600	3600000	284174400	284180600	3600	3600	2000	2.18171120759123E-005	
../read_file/split/PFE	3600	3600000	1105583400	1105648600	3600	3600	2000	5.89699114167015E-005	
../read_file/split/JPM	3600	3600000	1960290000	1960898600	3600	3600	2000	0.0003103679	
../read_file/split/WFC	3600	3600000	1602078800	1601571400	3600	3600	2000	-0.0003168138	
../read_file/split/LVS	3600	3600000	2678731600	2673342400	3600	3600	2000	-0.0020159034	
../read_file/split/XOM	3600	3600000	3247699600	3249130400	3600	3600	2000	0.000440364	
../read_file/split/NOK	3600	3600000	240328800	240328800	3600	3600	2000	0	
../read_file/split/T	3600	3600000	1155090600	1155132200	3600	3600	2000	3.60131939876665E-005	
../read_file/split/VALE	3600	3600000	476366600	476366600	3600	3600	2000	0	
../read_file/split/MGM	3600	3600000	853281000	853116800	3600	3600	2000	-0.0001924707	
../read_file/split/HAL	3600	3600000	1739029000	1737943900	3600	3600	2000	-0.0006243585	
../read_file/split/Q	3600	3600000	1675177200	1670889200	3600	3600	2000	-0.0025662982	
../read_file/split/BSX	3600	3600000	469371600	469375800	3600	3600	2000	8.94805399000119E-006	
../read_file/split/NWSA	3600	3600000	560308600	560403200	3600	3600	2000	0.000168807	
../read_file/split/EMC	3600	3600000	858131500	858389300	3600	3600	2000	0.0003003299	
../read_file/split/MO	3600	3600000	1232787800	1232520800	3600	3600	2000	-0.0002166292	
../read_file/split/RIG	3600	3600000	1527781100	1528557100	3600	3600	2000	0.0005076683	
../read_file/split/RF	3600	3600000	354073600	354073600	3600	3600	2000	0	
../read_file/split/HD	3600	3600000	2707818700	2705695100	3600	3600	2000	-0.000784863	
../read_file/split/WFT	3600	3600000	475714800	474640400	3600	3600	2000	-0.0022636084	
../read_file/split/GLW	3600	3600000	613777000	613750200	3600	3600	2000	-0.000043666	
../read_file/split/BMY	3600	3600000	1755237600	1754773700	3600	3600	2000	-0.0002643646	
../read_file/split/VZ	3600	3600000	1671965800	1671696600	3600	3600	2000	-0.000161034	
../read_file/split/CIM	3600	3600000	111274600	111274600	3600	3600	2000	0	
../read_file/split/THC	3600	3600000	1626021200	1626051700	3600	3600	2000	1.87570911798192E-005	
../read_file/split/SNV	3600	3600000	117063000	117063000	3600	3600	2000	0	
../read_file/split/WMT	3600	3600000	2619884300	2619616600	3600	3600	2000	-0.0001021905	
../read_file/split/MRK	3600	3600000	1876924800	1876308400	3600	3600	2000	-0.0003285174	
../read_file/split/HPQ	3600	3600000	1009719800	1010088200	3600	3600	2000	0.0003647206	
../read_file/split/CVS	3600	3600000	2372913200	2373060500	3600	3600	2000	6.20717423765639E-005	
../read_file/split/CHK	3600	3600000	936013400	936310000	3600	3600	2000	0.0003167754	
../read_file/split/MS	3600	3600000	1041827800	1041412800	3600	3600	2000	-0.0003984971	
../read_file/split/XRX	3600	3600000	376545200	376545200	3600	3600	2000	0	
../read_file/split/PBR	3600	3600000	389013400	388993800	3600	3600	2000	-5.03864071869526E-005	
../read_file/split/JNJ	3600	3600000	3130660200	3129293400	3600	3600	2000	-0.0004367759	
../read_file/split/USB	3600	3600000	1401037200	1401698600	3600	3600	2000	0.0004718561	
../read_file/split/PG	3600	3600000	2728496500	2727257300	3600	3600	2000	-0.0004543759	
../read_file/split/DTV	3600	3600000	2457065800	2456764200	3600	3600	2000	-0.0001227631	
../read_file/split/SLB	3600	3600000	3104819400	3104101400	3600	3600	2000	-0.0002313069	
../read_file/split/LOW	3600	3600000	1643457400	1641971800	3600	3600	2000	-0.0009047658	
../read_file/split/TXN	3600	3600000	1494491400	1494051000	3600	3600	2000	-0.0002947691	
../read_file/split/WAG	3600	3600000	2000022300	2001169100	3600	3600	2000	0.000573065	
../read_file/split/FCX	3600	3600000	1122815600	1123044000	3600	3600	2000	0.0002033758	
../read_file/split/STX	3600	3600000	1837586800	1835037200	3600	3600	2000	-0.0013893996	
