									
../read_file/split/C	3600	3600000	1670049200	1669853600	3600	3600	2000	0.000117136	5.13588488902232E-005
../read_file/split/BAC	3600	3600000	589749400	589749400	3600	3600	2000	0	6.12972735701854E-005
../read_file/split/BP	3600	3600000	1658683500	1658239500	3600	3600	2000	0.0002677538	
../read_file/split/GE	3600	3600000	878154200	878147800	3600	3600	2000	7.28806699737789E-006	
../read_file/split/F	3600	3600000	522909800	522914200	3600	3600	2000	-8.41438232122976E-006	
../read_file/split/S	3600	3600000	283811400	283805400	3600	3600	2000	2.11412467838878E-005	
../read_file/split/PFE	3600	3600000	1105356000	1105287200	3600	3600	2000	6.2246265043149E-005	
../read_file/split/JPM	3600	3600000	1962770200	1960535400	3600	3600	2000	0.0011398927	
../read_file/split/WFC	3600	3600000	1601670400	1601209200	3600	3600	2000	0.0002880323	
../read_file/split/LVS	3600	3600000	2668975600	2672479600	3600	3600	2000	-0.0013111419	
../read_file/split/XOM	3600	3600000	3250116600	3248635900	3600	3600	2000	0.0004557913	
../read_file/split/NOK	3600	3600000	239960600	239960600	3600	3600	2000	0	
../read_file/split/T	3600	3600000	1154829400	1154759000	3600	3600	2000	6.09651018091221E-005	
../read_file/split/VALE	3600	3600000	476006600	476006600	3600	3600	2000	0	
../read_file/split/MGM	3600	3600000	852640800	852753600	3600	3600	2000	-0.0001322774	
../read_file/split/HAL	3600	3600000	1737450800	1737536400	3600	3600	2000	-4.92651549630845E-005	
../read_file/split/Q	3600	3600000	1667948800	1667992600	3600	3600	2000	-2.62591093030029E-005	
../read_file/split/BSX	3600	3600000	469019000	469014800	3600	3600	2000	8.95494129396343E-006	
../read_file/split/NWSA	3600	3600000	560168800	560042200	3600	3600	2000	0.0002260544	
../read_file/split/EMC	3600	3600000	858923800	858016200	3600	3600	2000	0.0010577889	
../read_file/split/MO	3600	3600000	1232330200	1232154400	3600	3600	2000	0.0001426769	
../read_file/split/RIG	3600	3600000	1529088800	1528131600	3600	3600	2000	0.0006263858	
../read_file/split/RF	3600	3600000	353713600	353713600	3600	3600	2000	0	
../read_file/split/HD	3600	3600000	2704231100	2705174400	3600	3600	2000	-0.0003487021	
../read_file/split/WFT	3600	3600000	473732200	474279800	3600	3600	2000	-0.0011545927	
../read_file/split/GLW	3600	3600000	613361200	613388400	3600	3600	2000	-4.43438447808925E-005	
../read_file/split/BMY	3600	3600000	1754132400	1754350400	3600	3600	2000	-0.0001242625	
../read_file/split/VZ	3600	3600000	1671217400	1671331600	3600	3600	2000	-6.83287505603317E-005	
../read_file/split/CIM	3600	3600000	110914600	110914600	3600	3600	2000	0	
../read_file/split/THC	3600	3600000	1625572300	1625052000	3600	3600	2000	0.0003201744	
../read_file/split/SNV	3600	3600000	116697200	116697200	3600	3600	2000	0	
../read_file/split/WMT	3600	3600000	2619184500	2619132700	3600	3600	2000	1.97775393358267E-005	
../read_file/split/MRK	3600	3600000	1876539800	1875923400	3600	3600	2000	0.0003285848	
../read_file/split/HPQ	3600	3600000	1010240400	1009719200	3600	3600	2000	0.0005161831	
../read_file/split/CVS	3600	3600000	2372790300	2372455300	3600	3600	2000	0.0001412039	
../read_file/split/CHK	3600	3600000	936246200	935948400	3600	3600	2000	0.0003181799	
../read_file/split/MS	3600	3600000	1040757800	1041046400	3600	3600	2000	-0.0002772211	
../read_file/split/XRX	3600	3600000	376185200	376185200	3600	3600	2000	0	
../read_file/split/PBR	3600	3600000	388613000	388632000	3600	3600	2000	-4.88894378229276E-005	
../read_file/split/JNJ	3600	3600000	3127429900	3128821100	3600	3600	2000	-0.0004446403	
../read_file/split/USB	3600	3600000	1402333000	1401335200	3600	3600	2000	0.0007120352	
../read_file/split/PG	3600	3600000	2725589400	2726816900	3600	3600	2000	-0.0004501586	
../read_file/split/DTV	3600	3600000	2456222400	2456292600	3600	3600	2000	-2.85796570001473E-005	
../read_file/split/SLB	3600	3600000	3103415200	3103481900	3600	3600	2000	-0.000021492	
../read_file/split/LOW	3600	3600000	1641066000	1641600800	3600	3600	2000	-0.0003257796	
../read_file/split/TXN	3600	3600000	1493715200	1493684600	3600	3600	2000	2.04862525863894E-005	
../read_file/split/WAG	3600	3600000	2001870200	2000694600	3600	3600	2000	0.0005875959	
../read_file/split/FCX	3600	3600000	1123387600	1122672200	3600	3600	2000	0.0006372296	
../read_file/split/STX	3600	3600000	1832971500	1834260300	3600	3600	2000	-0.0007026266	
