								
../read_file/split/021014/C	3600	3600000	1773181800	1774186200	3600	3600	2000	0.0005661187
../read_file/split/021014/BAC	3600	3600000	601107200	601107200	3600	3600	2000	0
../read_file/split/021014/BP	3600	3600000	1708259400	1708386000	3600	3600	2000	0.000074105
../read_file/split/021014/GE	3600	3600000	903031400	903031400	3600	3600	2000	0
../read_file/split/021014/F	3600	3600000	533054200	533055200	3600	3600	2000	0.000001876
../read_file/split/021014/S	3600	3600000	277428200	277208000	3600	3600	2000	-0.0007943494
../read_file/split/021014/PFE	3600	3600000	1131180800	1131120600	3600	3600	2000	-5.32215574537322E-005
../read_file/split/021014/JPM	3600	3600000	2037640800	2037846600	3600	3600	2000	0.000100989
../read_file/split/021014/WFC	3600	3600000	1637150800	1637208800	3600	3600	2000	3.54261472330224E-005
../read_file/split/021014/LVS	3600	3600000	2739342800	2739331400	3600	3600	2000	-4.16159943262068E-006
../read_file/split/021014/XOM	3600	3600000	3223069800	3225298600	3600	3600	2000	0.0006910368
../read_file/split/021014/NOK	3600	3600000	266173600	266290800	3600	3600	2000	0.0004401203
../read_file/split/021014/T	3600	3600000	1167031800	1167034400	3600	3600	2000	2.22786920419827E-006
../read_file/split/021014/VALE	3600	3600000	502256200	502296800	3600	3600	2000	8.08287052595199E-005
../read_file/split/021014/MGM	3600	3600000	886499600	886563800	3600	3600	2000	7.24144161988116E-005
../read_file/split/021014/HAL	3600	3600000	1866775200	1867582600	3600	3600	2000	0.0004323236
../read_file/split/021014/Q	3600	3600000	1756186600	1753167600	3600	3600	2000	-0.0017220259
../read_file/split/021014/BSX	3600	3600000	465119800	465119800	3600	3600	2000	0
../read_file/split/021014/NWSA	3600	3600000	628624600	628533600	3600	3600	2000	-0.0001447814
../read_file/split/021014/EMC	3600	3600000	889338400	889415200	3600	3600	2000	8.63488728323959E-005
../read_file/split/021014/MO	3600	3600000	1263258800	1263159400	3600	3600	2000	-7.86915728925423E-005
../read_file/split/021014/RIG	3600	3600000	1522266200	1521810800	3600	3600	2000	-0.0002992488
../read_file/split/021014/RF	3600	3600000	366802400	366802400	3600	3600	2000	0
../read_file/split/021014/HD	3600	3600000	2747489400	2748763600	3600	3600	2000	0.0004635539
../read_file/split/021014/WFT	3600	3600000	494413000	494430200	3600	3600	2000	3.47875190471779E-005
../read_file/split/021014/GLW	3600	3600000	666165000	666163000	3600	3600	2000	-3.0022682136354E-006
../read_file/split/021014/BMY	3600	3600000	1873370000	1872480200	3600	3600	2000	-0.0004751986
../read_file/split/021014/VZ	3600	3600000	1687994600	1688103200	3600	3600	2000	6.43325597629339E-005
../read_file/split/021014/CIM	3600	3600000	112320000	112320000	3600	3600	2000	0
../read_file/split/021014/THC	3600	3600000	1634125800	1635256900	3600	3600	2000	0.0006916956
../read_file/split/021014/SNV	3600	3600000	120354200	120354200	3600	3600	2000	0
../read_file/split/021014/WMT	3600	3600000	2650606000	2650238600	3600	3600	2000	-0.000138629
../read_file/split/021014/MRK	3600	3600000	1977628800	1977336400	3600	3600	2000	-0.0001478757
../read_file/split/021014/HPQ	3600	3600000	1036676000	1036801000	3600	3600	2000	0.0001205632
../read_file/split/021014/CVS	3600	3600000	2405058000	2405127000	3600	3600	2000	2.8688713735283E-005
../read_file/split/021014/CHK	3600	3600000	892978600	893870400	3600	3600	2000	0.0009976838
../read_file/split/021014/MS	3600	3600000	1069764800	1070238200	3600	3600	2000	0.0004423314
../read_file/split/021014/XRX	3600	3600000	375057400	375057400	3600	3600	2000	0
../read_file/split/021014/PBR	3600	3600000	405536400	405576200	3600	3600	2000	0.000098132
../read_file/split/021014/JNJ	3600	3600000	3269821800	3268993600	3600	3600	2000	-0.0002533501
../read_file/split/021014/USB	3600	3600000	1441345000	1441744800	3600	3600	2000	0.0002773029
../read_file/split/021014/PG	3600	3600000	2800809000	2800109200	3600	3600	2000	-0.0002499188
../read_file/split/021014/DTV	3600	3600000	2545182200	2545509200	3600	3600	2000	0.0001284615
../read_file/split/021014/SLB	3600	3600000	3203183700	3204850200	3600	3600	2000	0.0005199931
../read_file/split/021014/LOW	3600	3600000	1665523600	1665716400	3600	3600	2000	0.000115746
../read_file/split/021014/TXN	3600	3600000	1520608200	1520569200	3600	3600	2000	-2.56482901271445E-005
../read_file/split/021014/WAG	3600	3600000	2180392600	2181872200	3600	3600	2000	0.0006781332
../read_file/split/021014/FCX	3600	3600000	1162307200	1162852000	3600	3600	2000	0.0004685033
../read_file/split/021014/STX	3600	3600000	1796893800	1796824800	3600	3600	2000	-3.8401072825798E-005
