								
../read_file/split/063010/C	3600	3600000	136270400	136270400	3600	3600	2000	0
../read_file/split/063010/BAC	3600	3600000	523036400	523023000	3600	3600	2000	2.56196318267715E-005
../read_file/split/063010/BP	3600	3600000	1036831800	1036933000	3600	3600	2000	-0.000097605
../read_file/split/063010/GE	3600	3600000	523737200	523726000	3600	3600	2000	2.13847708354495E-005
../read_file/split/063010/F	3600	3600000	373095200	372719000	3600	3600	2000	0.0010083217
../read_file/split/063010/S	3600	3600000	153843200	153843200	3600	3600	2000	0
../read_file/split/063010/PFE	3600	3600000	517905000	517780400	3600	3600	2000	0.0002405847
../read_file/split/063010/JPM	3600	3600000	1330451800	1331353000	3600	3600	2000	-0.0006773639
../read_file/split/063010/WFC	3600	3600000	934674800	933080600	3600	3600	2000	0.00170562
../read_file/split/063010/FNM	3600	3600000	12439240	12439240	3600	3600	2000	0
../read_file/split/063010/LVS	3600	3600000	821225400	819161200	3600	3600	2000	0.0025135608
../read_file/split/063010/XOM	3600	3600000	2074548000	2073943600	3600	3600	2000	0.0002913406
../read_file/split/063010/NOK	3600	3600000	295417600	295417600	3600	3600	2000	0
../read_file/split/063010/T	3600	3600000	874690400	874232400	3600	3600	2000	0.0005236138
../read_file/split/063010/VALE	3600	3600000	891605400	890320200	3600	3600	2000	0.0014414448
../read_file/split/063010/FRE	3600	3600000	14784464	14784464	3600	3600	2000	0
../read_file/split/063010/MGM	3600	3600000	359302200	357965200	3600	3600	2000	0.0037211016
../read_file/split/063010/HAL	3600	3600000	900801200	901192600	3600	3600	2000	-0.0004345021
../read_file/split/063010/Q	3600	3600000	189353000	189353000	3600	3600	2000	0
../read_file/split/063010/BSX	3600	3600000	210567000	210567000	3600	3600	2000	0
../read_file/split/063010/NWSA	3600	3600000	437889400	437889400	3600	3600	2000	0
../read_file/split/063010/EMC	3600	3600000	667835800	667795000	3600	3600	2000	6.10928614488771E-005
../read_file/split/063010/MO	3600	3600000	723865800	723816000	3600	3600	2000	6.8797282590226E-005
../read_file/split/063010/MOT	3600	3600000	237145800	237145800	3600	3600	2000	0
../read_file/split/063010/RIG	3600	3600000	1684789100	1682457300	3600	3600	2000	0.0013840308
../read_file/split/063010/RF	3600	3600000	240033800	240014200	3600	3600	2000	8.16551668973286E-005
../read_file/split/063010/HD	3600	3600000	1028635200	1027488600	3600	3600	2000	0.0011146809
../read_file/split/063010/WFT	3600	3600000	480220400	480868600	3600	3600	2000	-0.0013497969
../read_file/split/063010/GLW	3600	3600000	588371800	588208400	3600	3600	2000	0.0002777156
../read_file/split/063010/BMY	3600	3600000	904863800	904810600	3600	3600	2000	5.87933786278112E-005
../read_file/split/063010/VZ	3600	3600000	1017073800	1016829800	3600	3600	2000	0.0002399039
../read_file/split/063010/CIM	3600	3600000	132035000	132035000	3600	3600	2000	0
../read_file/split/063010/THC	3600	3600000	157547800	157549000	3600	3600	2000	-7.61673600012187E-006
../read_file/split/063010/SNV	3600	3600000	91847400	91847400	3600	3600	2000	0
../read_file/split/063010/WMT	3600	3600000	1741231200	1740709200	3600	3600	2000	0.0002997879
../read_file/split/063010/MRK	3600	3600000	1265451200	1265869400	3600	3600	2000	-0.000330475
../read_file/split/063010/HPQ	3600	3600000	1578333200	1577354200	3600	3600	2000	0.0006202746
../read_file/split/063010/CVS	3600	3600000	1065997400	1065933000	3600	3600	2000	6.04129053222831E-005
../read_file/split/063010/CHK	3600	3600000	764665400	764444000	3600	3600	2000	0.0002895384
../read_file/split/063010/MS	3600	3600000	844350200	843834200	3600	3600	2000	0.0006111208
../read_file/split/063010/XRX	3600	3600000	288396600	288390800	3600	3600	2000	2.01111940986822E-005
../read_file/split/063010/PBR	3600	3600000	1256207600	1254669600	3600	3600	2000	0.0012243199
../read_file/split/063010/JNJ	3600	3600000	2134956200	2133859200	3600	3600	2000	0.0005138279
../read_file/split/063010/USB	3600	3600000	810350400	810639800	3600	3600	2000	-0.0003571295
../read_file/split/063010/PG	3600	3600000	2166904000	2167517800	3600	3600	2000	-0.0002832613
../read_file/split/063010/DTV	3600	3600000	1238735600	1238019200	3600	3600	2000	0.0005783316
../read_file/split/063010/SLB	3600	3600000	2021337600	2020849200	3600	3600	2000	0.0002416222
../read_file/split/063010/LOW	3600	3600000	745139000	744463400	3600	3600	2000	0.0009066765
../read_file/split/063010/TXN	3600	3600000	846194800	845495400	3600	3600	2000	0.0008265236
../read_file/split/063010/WAG	3600	3600000	967298200	967168600	3600	3600	2000	0.0001339814
../read_file/split/063010/FCX	3600	3600000	2159362400	2156891800	3600	3600	2000	0.001144134
../read_file/split/063010/STX	3600	3600000	476976600	476269200	3600	3600	2000	0.0014830916
