								
../read_file/split/020514/C	3600	3600000	1693121000	1691677000	3600	3600	2000	-0.0008535908
../read_file/split/020514/BAC	3600	3600000	589336400	589336400	3600	3600	2000	0
../read_file/split/020514/BP	3600	3600000	1655845800	1655922800	3600	3600	2000	4.64997522831378E-005
../read_file/split/020514/GE	3600	3600000	882636200	882596600	3600	3600	2000	-4.48676099590685E-005
../read_file/split/020514/F	3600	3600000	528558800	529212800	3600	3600	2000	0.0012357978
../read_file/split/020514/S	3600	3600000	307820200	306203800	3600	3600	2000	-0.0052788372
../read_file/split/020514/PFE	3600	3600000	1105381000	1105421600	3600	3600	2000	3.6728068277298E-005
../read_file/split/020514/JPM	3600	3600000	1987593200	1986652800	3600	3600	2000	-0.000473359
../read_file/split/020514/WFC	3600	3600000	1595759400	1595817000	3600	3600	2000	3.60943642034143E-005
../read_file/split/020514/LVS	3600	3600000	2666646500	2666836100	3600	3600	2000	7.10954827707634E-005
../read_file/split/020514/XOM	3600	3600000	3230302300	3229922900	3600	3600	2000	-0.0001174641
../read_file/split/020514/NOK	3600	3600000	241173600	241198600	3600	3600	2000	0.000103649
../read_file/split/020514/T	3600	3600000	1155201600	1155200600	3600	3600	2000	-8.65650519918359E-007
../read_file/split/020514/VALE	3600	3600000	504279800	504279400	3600	3600	2000	-7.93211065135717E-007
../read_file/split/020514/MGM	3600	3600000	849842000	849572600	3600	3600	2000	-0.0003171006
../read_file/split/020514/HAL	3600	3600000	1775727500	1774376400	3600	3600	2000	-0.0007614506
../read_file/split/020514/Q	3600	3600000	1731450500	1730165700	3600	3600	2000	-0.0007425878
../read_file/split/020514/BSX	3600	3600000	455498200	455461200	3600	3600	2000	-8.12363380239634E-005
../read_file/split/020514/NWSA	3600	3600000	565346200	565350000	3600	3600	2000	6.72149995577961E-006
../read_file/split/020514/EMC	3600	3600000	860260800	860274800	3600	3600	2000	1.62738696983801E-005
../read_file/split/020514/MO	3600	3600000	1225307200	1225306800	3600	3600	2000	-3.26448853462659E-007
../read_file/split/020514/RIG	3600	3600000	1497041800	1496563400	3600	3600	2000	-0.0003196657
../read_file/split/020514/RF	3600	3600000	356722200	356722200	3600	3600	2000	0
../read_file/split/020514/HD	3600	3600000	2713057800	2708483600	3600	3600	2000	-0.0016888417
../read_file/split/020514/WFT	3600	3600000	484244000	484244000	3600	3600	2000	0
../read_file/split/020514/GLW	3600	3600000	630141800	630141800	3600	3600	2000	0
../read_file/split/020514/BMY	3600	3600000	1750775800	1750519800	3600	3600	2000	-0.0001462423
../read_file/split/020514/VZ	3600	3600000	1677021900	1674761600	3600	3600	2000	-0.0013496249
../read_file/split/020514/CIM	3600	3600000	111240000	111240000	3600	3600	2000	0
../read_file/split/020514/THC	3600	3600000	1584720100	1584536000	3600	3600	2000	-0.0001161854
../read_file/split/020514/SNV	3600	3600000	118161600	118161600	3600	3600	2000	0
../read_file/split/020514/WMT	3600	3600000	2623881700	2622188800	3600	3600	2000	-0.0006456057
../read_file/split/020514/MRK	3600	3600000	1927953800	1925617500	3600	3600	2000	-0.0012132731
../read_file/split/020514/HPQ	3600	3600000	1009440400	1009503800	3600	3600	2000	6.28031315979197E-005
../read_file/split/020514/CVS	3600	3600000	2359262300	2358586300	3600	3600	2000	-0.0002866124
../read_file/split/020514/CHK	3600	3600000	943453800	943460400	3600	3600	2000	6.99552413646614E-006
../read_file/split/020514/MS	3600	3600000	1047476600	1046861600	3600	3600	2000	-0.0005874702
../read_file/split/020514/XRX	3600	3600000	370396200	370396400	3600	3600	2000	0.00000054
../read_file/split/020514/PBR	3600	3600000	388472600	388449800	3600	3600	2000	-5.86948429372341E-005
../read_file/split/020514/JNJ	3600	3600000	3140173800	3137848200	3600	3600	2000	-0.0007411448
../read_file/split/020514/USB	3600	3600000	1407836400	1407563200	3600	3600	2000	-0.0001940943
../read_file/split/020514/PG	3600	3600000	2754779600	2752452200	3600	3600	2000	-0.0008455733
../read_file/split/020514/DTV	3600	3600000	2471469000	2469803400	3600	3600	2000	-0.0006743857
../read_file/split/020514/SLB	3600	3600000	3103067800	3102539200	3600	3600	2000	-0.0001703766
../read_file/split/020514/LOW	3600	3600000	1634315500	1632721600	3600	3600	2000	-0.0009762228
../read_file/split/020514/TXN	3600	3600000	1475772600	1475500600	3600	3600	2000	-0.0001843442
../read_file/split/020514/WAG	3600	3600000	2075288000	2072007800	3600	3600	2000	-0.0015831021
../read_file/split/020514/FCX	3600	3600000	1119992600	1119920000	3600	3600	2000	-6.48260590042146E-005
../read_file/split/020514/STX	3600	3600000	1766873000	1763610200	3600	3600	2000	-0.0018500687
