									
../read_file/split/013114/C	3600	3600000	1721299800	1724263600	3600	3600	2000	0.0017188787	0.000555536
../read_file/split/013114/BAC	3600	3600000	608498800	608500800	3600	3600	2000	3.28676642660125E-006	8.5688777868886E-005
../read_file/split/013114/BP	3600	3600000	1690264200	1690932200	3600	3600	2000	0.0003950484	
../read_file/split/013114/GE	3600	3600000	910203600	910203600	3600	3600	2000	0	
../read_file/split/013114/F	3600	3600000	538747200	538747200	3600	3600	2000	0	
../read_file/split/013114/S	3600	3600000	300799400	301428000	3600	3600	2000	0.0020854068	
../read_file/split/013114/PFE	3600	3600000	1098780800	1098882000	3600	3600	2000	9.20936005867782E-005	
../read_file/split/013114/JPM	3600	3600000	2009035000	2011633200	3600	3600	2000	0.0012915874	
../read_file/split/013114/WFC	3600	3600000	1640335000	1641117000	3600	3600	2000	0.0004765047	
../read_file/split/013114/LVS	3600	3600000	2766747100	2770338900	3600	3600	2000	0.0012965201	
../read_file/split/013114/XOM	3600	3600000	3333341600	3335849800	3600	3600	2000	0.0007518924	
../read_file/split/013114/NOK	3600	3600000	249782000	249782000	3600	3600	2000	0	
../read_file/split/013114/T	3600	3600000	1207587600	1207721200	3600	3600	2000	0.0001106216	
../read_file/split/013114/VALE	3600	3600000	492794800	492810400	3600	3600	2000	3.16551761082964E-005	
../read_file/split/013114/MGM	3600	3600000	879124400	879481800	3600	3600	2000	0.0004063757	
../read_file/split/013114/HAL	3600	3600000	1772138700	1774140000	3600	3600	2000	0.0011280395	
../read_file/split/013114/Q	3600	3600000	1712731400	1713344200	3600	3600	2000	0.0003576631	
../read_file/split/013114/BSX	3600	3600000	489079000	489085600	3600	3600	2000	1.34945702756327E-005	
../read_file/split/013114/NWSA	3600	3600000	577286400	577815200	3600	3600	2000	0.0009151715	
../read_file/split/013114/EMC	3600	3600000	873463800	873501000	3600	3600	2000	4.25872437467158E-005	
../read_file/split/013114/MO	3600	3600000	1272898600	1275104200	3600	3600	2000	0.001729741	
../read_file/split/013114/RIG	3600	3600000	1565560800	1567610000	3600	3600	2000	0.0013072129	
../read_file/split/013114/RF	3600	3600000	368955800	368955800	3600	3600	2000	0	
../read_file/split/013114/HD	3600	3600000	2770900100	2777268400	3600	3600	2000	0.0022930085	
../read_file/split/013114/WFT	3600	3600000	487541800	487530800	3600	3600	2000	-2.25626770657362E-005	
../read_file/split/013114/GLW	3600	3600000	623086600	623086600	3600	3600	2000	0	
../read_file/split/013114/BMY	3600	3600000	1804624500	1806767200	3600	3600	2000	0.0011859303	
../read_file/split/013114/VZ	3600	3600000	1736059000	1737283800	3600	3600	2000	0.0007050086	
../read_file/split/013114/CIM	3600	3600000	112828000	112828000	3600	3600	2000	0	
../read_file/split/013114/THC	3600	3600000	1659830000	1661427400	3600	3600	2000	0.0009614624	
../read_file/split/013114/SNV	3600	3600000	121179400	121179400	3600	3600	2000	0	
../read_file/split/013114/WMT	3600	3600000	2701026800	2700903400	3600	3600	2000	-4.56884166979093E-005	
../read_file/split/013114/MRK	3600	3600000	1913448400	1914723400	3600	3600	2000	0.0006658925	
../read_file/split/013114/HPQ	3600	3600000	1045841600	1046191800	3600	3600	2000	0.0003347379	
../read_file/split/013114/CVS	3600	3600000	2444646900	2445014600	3600	3600	2000	0.0001503877	
../read_file/split/013114/CHK	3600	3600000	979131400	979620000	3600	3600	2000	0.0004987648	
../read_file/split/013114/MS	3600	3600000	1068554800	1069099600	3600	3600	2000	0.0005095877	
../read_file/split/013114/XRX	3600	3600000	395702600	395702600	3600	3600	2000	0	
../read_file/split/013114/PBR	3600	3600000	406191200	406326800	3600	3600	2000	0.0003337215	
../read_file/split/013114/JNJ	3600	3600000	3187673500	3188757700	3600	3600	2000	0.000340007	
../read_file/split/013114/USB	3600	3600000	1438097800	1439053400	3600	3600	2000	0.0006640476	
../read_file/split/013114/PG	3600	3600000	2769703400	2771440800	3600	3600	2000	0.0006268941	
../read_file/split/013114/DTV	3600	3600000	2502836500	2505780700	3600	3600	2000	0.0011749632	
../read_file/split/013114/SLB	3600	3600000	3163896900	3166680600	3600	3600	2000	0.0008790593	
../read_file/split/013114/LOW	3600	3600000	1674380400	1675550200	3600	3600	2000	0.0006981587	
../read_file/split/013114/TXN	3600	3600000	1526530200	1526400800	3600	3600	2000	-8.47745886925636E-005	
../read_file/split/013114/WAG	3600	3600000	2066472600	2066707400	3600	3600	2000	0.0001136107	
../read_file/split/013114/FCX	3600	3600000	1166652800	1166938000	3600	3600	2000	0.0002444003	
../read_file/split/013114/STX	3600	3600000	1910473000	1912080800	3600	3600	2000	0.000840864	
