									
../read_file/split/013014/C	3600	3600000	1740803200	1741456000	3600	3600	2000	-0.0003748587	-2.53841911765482E-005
../read_file/split/013014/BAC	3600	3600000	610299400	610299400	3600	3600	2000	0	8.36920627605713E-005
../read_file/split/013014/BP	3600	3600000	1708675200	1709033200	3600	3600	2000	-0.0002094752	
../read_file/split/013014/GE	3600	3600000	919797000	919666400	3600	3600	2000	0.000142008	
../read_file/split/013014/F	3600	3600000	550417400	550417400	3600	3600	2000	0	
../read_file/split/013014/S	3600	3600000	302749000	302747400	3600	3600	2000	5.28493390859839E-006	
../read_file/split/013014/PFE	3600	3600000	1108167600	1108251800	3600	3600	2000	-7.59755138678773E-005	
../read_file/split/013014/JPM	3600	3600000	2020086000	2020824600	3600	3600	2000	-0.0003654944	
../read_file/split/013014/WFC	3600	3600000	1658739400	1659050000	3600	3600	2000	-0.0001872156	
../read_file/split/013014/LVS	3600	3600000	2814561900	2815809900	3600	3600	2000	-0.0004432117	
../read_file/split/013014/XOM	3600	3600000	3382547400	3382278800	3600	3600	2000	7.9413914666053E-005	
../read_file/split/013014/NOK	3600	3600000	254267600	254267600	3600	3600	2000	0	
../read_file/split/013014/T	3600	3600000	1201268200	1201244800	3600	3600	2000	1.94797929614347E-005	
../read_file/split/013014/VALE	3600	3600000	485868800	485542800	3600	3600	2000	0.0006714135	
../read_file/split/013014/MGM	3600	3600000	869977000	870058000	3600	3600	2000	-9.30972417930759E-005	
../read_file/split/013014/HAL	3600	3600000	1780376400	1781897400	3600	3600	2000	-0.0008535845	
../read_file/split/013014/Q	3600	3600000	1711824400	1711782400	3600	3600	2000	2.45358288530131E-005	
../read_file/split/013014/BSX	3600	3600000	488542600	488540800	3600	3600	2000	3.68444150416915E-006	
../read_file/split/013014/NWSA	3600	3600000	583200000	583200600	3600	3600	2000	-1.02880552592024E-006	
../read_file/split/013014/EMC	3600	3600000	885955600	885997400	3600	3600	2000	-4.71784680180777E-005	
../read_file/split/013014/MO	3600	3600000	1273387400	1273367600	3600	3600	2000	1.55493197722323E-005	
../read_file/split/013014/RIG	3600	3600000	1572401900	1572751900	3600	3600	2000	-0.0002225399	
../read_file/split/013014/RF	3600	3600000	375201200	375201200	3600	3600	2000	0	
../read_file/split/013014/HD	3600	3600000	2777006200	2777106800	3600	3600	2000	-3.62247501608508E-005	
../read_file/split/013014/WFT	3600	3600000	483369700	483339900	3600	3600	2000	6.16543347652449E-005	
../read_file/split/013014/GLW	3600	3600000	626094200	626086600	3600	3600	2000	1.21388958013157E-005	
../read_file/split/013014/BMY	3600	3600000	1813816200	1815996600	3600	3600	2000	-0.001200663	
../read_file/split/013014/VZ	3600	3600000	1717189400	1717304400	3600	3600	2000	-6.69654139359335E-005	
../read_file/split/013014/CIM	3600	3600000	112564800	112564800	3600	3600	2000	0	
../read_file/split/013014/THC	3600	3600000	1632329100	1630830100	3600	3600	2000	0.0009191638	
../read_file/split/013014/SNV	3600	3600000	123777200	123777200	3600	3600	2000	0	
../read_file/split/013014/WMT	3600	3600000	2692720800	2692989000	3600	3600	2000	-9.95919404052523E-005	
../read_file/split/013014/MRK	3600	3600000	1926416400	1926899600	3600	3600	2000	-0.0002507655	
../read_file/split/013014/HPQ	3600	3600000	1053158200	1053231400	3600	3600	2000	-6.95003965890117E-005	
../read_file/split/013014/CVS	3600	3600000	2440536800	2440480800	3600	3600	2000	2.29462981228945E-005	
../read_file/split/013014/CHK	3600	3600000	970100400	970139600	3600	3600	2000	-4.04065559224672E-005	
../read_file/split/013014/MS	3600	3600000	1081590400	1081408400	3600	3600	2000	0.000168299	
../read_file/split/013014/XRX	3600	3600000	396682800	395331800	3600	3600	2000	0.0034173826	
../read_file/split/013014/PBR	3600	3600000	407264000	407270600	3600	3600	2000	-1.62054417873522E-005	
../read_file/split/013014/JNJ	3600	3600000	3220358000	3221744400	3600	3600	2000	-0.0004303259	
../read_file/split/013014/USB	3600	3600000	1443357200	1443481400	3600	3600	2000	-0.000086042	
../read_file/split/013014/PG	3600	3600000	2773411800	2773726000	3600	3600	2000	-0.0001132772	
../read_file/split/013014/DTV	3600	3600000	2500459800	2501290600	3600	3600	2000	-0.0003321485	
../read_file/split/013014/SLB	3600	3600000	3211290800	3211781400	3600	3600	2000	-0.0001527501	
../read_file/split/013014/LOW	3600	3600000	1679165400	1679315200	3600	3600	2000	-0.000089203	
../read_file/split/013014/TXN	3600	3600000	1537745800	1538056600	3600	3600	2000	-0.0002020732	
../read_file/split/013014/WAG	3600	3600000	2058602400	2059139000	3600	3600	2000	-0.0002605944	
../read_file/split/013014/FCX	3600	3600000	1168249800	1168401000	3600	3600	2000	-0.0001294076	
../read_file/split/013014/STX	3600	3600000	1915136000	1915819900	3600	3600	2000	-0.0003569751	
