								
../read_file/split/021214/C	3600	3600000	1797144400	1797259400	3600	3600	2000	6.39863116030997E-005
../read_file/split/021214/BAC	3600	3600000	601378800	601512400	3600	3600	2000	0.0002221068
../read_file/split/021214/BP	3600	3600000	1741994400	1742047400	3600	3600	2000	0.000030424
../read_file/split/021214/GE	3600	3600000	914461800	914460000	3600	3600	2000	-1.96837477855784E-006
../read_file/split/021214/F	3600	3600000	542036400	541785200	3600	3600	2000	-0.0004636524
../read_file/split/021214/S	3600	3600000	289192600	289219600	3600	3600	2000	9.33546689090228E-005
../read_file/split/021214/PFE	3600	3600000	1138542000	1138604000	3600	3600	2000	5.44526455203038E-005
../read_file/split/021214/JPM	3600	3600000	2066387600	2066116200	3600	3600	2000	-0.0001313576
../read_file/split/021214/WFC	3600	3600000	1652287200	1652206400	3600	3600	2000	-4.89043015448917E-005
../read_file/split/021214/LVS	3600	3600000	2829798400	2826660300	3600	3600	2000	-0.0011101794
../read_file/split/021214/XOM	3600	3600000	3273270800	3272426000	3600	3600	2000	-0.0002581571
../read_file/split/021214/NOK	3600	3600000	258220800	258220800	3600	3600	2000	0
../read_file/split/021214/T	3600	3600000	1186239600	1186289600	3600	3600	2000	4.21482241773004E-005
../read_file/split/021214/VALE	3600	3600000	511104800	510766600	3600	3600	2000	-0.000662142
../read_file/split/021214/MGM	3600	3600000	909137100	908909600	3600	3600	2000	-0.0002502999
../read_file/split/021214/HAL	3600	3600000	1919547100	1920039100	3600	3600	2000	0.0002562448
../read_file/split/021214/Q	3600	3600000	1775496000	1775485400	3600	3600	2000	-5.97019834688587E-006
../read_file/split/021214/BSX	3600	3600000	466384400	466384600	3600	3600	2000	4.28830626054119E-007
../read_file/split/021214/NWSA	3600	3600000	637242600	637246200	3600	3600	2000	5.64930791270313E-006
../read_file/split/021214/EMC	3600	3600000	902406600	902151800	3600	3600	2000	-0.0002824358
../read_file/split/021214/MO	3600	3600000	1255039000	1254316000	3600	3600	2000	-0.0005764098
../read_file/split/021214/RIG	3600	3600000	1558401800	1558215000	3600	3600	2000	-0.0001198808
../read_file/split/021214/RF	3600	3600000	368525400	368525400	3600	3600	2000	0
../read_file/split/021214/HD	3600	3600000	2776361800	2773994000	3600	3600	2000	-0.0008535707
../read_file/split/021214/WFT	3600	3600000	519580600	519060200	3600	3600	2000	-0.0010025812
../read_file/split/021214/GLW	3600	3600000	683104200	683096800	3600	3600	2000	-0.000010833
../read_file/split/021214/BMY	3600	3600000	1905491800	1905616200	3600	3600	2000	6.52807212701068E-005
../read_file/split/021214/VZ	3600	3600000	1703034000	1703065400	3600	3600	2000	1.84373424532023E-005
../read_file/split/021214/CIM	3600	3600000	112320000	112320000	3600	3600	2000	0
../read_file/split/021214/THC	3600	3600000	1643621500	1643184400	3600	3600	2000	-0.0002660079
../read_file/split/021214/SNV	3600	3600000	124081800	124081800	3600	3600	2000	0
../read_file/split/021214/WMT	3600	3600000	2694817700	2694046800	3600	3600	2000	-0.0002861494
../read_file/split/021214/MRK	3600	3600000	1978367400	1978431600	3600	3600	2000	3.24499467153679E-005
../read_file/split/021214/HPQ	3600	3600000	1066893600	1066859800	3600	3600	2000	-3.16817636206744E-005
../read_file/split/021214/CVS	3600	3600000	2466500200	2466670600	3600	3600	2000	0.000069081
../read_file/split/021214/CHK	3600	3600000	891308000	891184000	3600	3600	2000	-0.0001391407
../read_file/split/021214/MS	3600	3600000	1083685400	1083757200	3600	3600	2000	0.000066251
../read_file/split/021214/XRX	3600	3600000	383752200	383752200	3600	3600	2000	0
../read_file/split/021214/PBR	3600	3600000	412467200	412467200	3600	3600	2000	0
../read_file/split/021214/JNJ	3600	3600000	3321510100	3320688900	3600	3600	2000	-0.0002472981
../read_file/split/021214/USB	3600	3600000	1449513200	1449453000	3600	3600	2000	-4.15329093113057E-005
../read_file/split/021214/PG	3600	3600000	2788901800	2789811400	3600	3600	2000	0.0003260435
../read_file/split/021214/DTV	3600	3600000	2568516300	2567335800	3600	3600	2000	-0.0004598152
../read_file/split/021214/SLB	3600	3600000	3246019200	3246704700	3600	3600	2000	0.0002111372
../read_file/split/021214/LOW	3600	3600000	1682779600	1682887600	3600	3600	2000	6.41754089815624E-005
../read_file/split/021214/TXN	3600	3600000	1561196000	1561084800	3600	3600	2000	-7.12325172854159E-005
../read_file/split/021214/WAG	3600	3600000	2346224900	2345910800	3600	3600	2000	-0.0001338926
../read_file/split/021214/FCX	3600	3600000	1181176800	1181484000	3600	3600	2000	0.000260012
../read_file/split/021214/STX	3600	3600000	1776567800	1778132800	3600	3600	2000	0.0008801367
