../read_file/split/C	3600	3600000	1730339800	1735172800	3600	3600	2000	48.0649944444	48.1992444444	0.0027853134	0.0003808164
../read_file/split/BAC	3600	3600000	601609600	601620600	3600	3600	2000	16.7113777778	16.7116833333	1.82839483887754E-005	
../read_file/split/BP	3600	3600000	1700956800	1702136800	3600	3600	2000	47.2488	47.2815777778	0.0006932463	
../read_file/split/GE	3600	3600000	911434000	910746600	3600	3600	2000	25.3176111111	25.2985166667	-0.0007547654	
../read_file/split/F	3600	3600000	550986800	551000600	3600	3600	2000	15.3051888889	15.3055722222	2.5045344778228E-005	
../read_file/split/S	3600	3600000	309053800	309049200	3600	3600	2000	8.5848277778	8.5847	-1.48843614543645E-005	
../read_file/split/PFE	3600	3600000	1086605000	1086444000	3600	3600	2000	30.1834722222	30.179	-0.0001481899	
../read_file/split/JPM	3600	3600000	1994790000	1995992200	3600	3600	2000	55.4108333333	55.4442277778	0.000602307	
../read_file/split/WFC	3600	3600000	1642322000	1643752000	3600	3600	2000	45.6200555556	45.6597777778	0.0008699609	
../read_file/split/LVS	3600	3600000	2673430600	2677460200	3600	3600	2000	74.2619611111	74.3738944444	0.0015050084	
../read_file/split/XOM	3600	3600000	3440730900	3442668700	3600	3600	2000	95.5758583333	95.6296861111	0.0005628773	
../read_file/split/NOK	3600	3600000	253728800	253728800	3600	3600	2000	7.0480222222	7.0480222222	0	
../read_file/split/T	3600	3600000	1201316000	1201992200	3600	3600	2000	33.3698888889	33.3886722222	0.000562566	
../read_file/split/VALE	3600	3600000	488970800	488589600	3600	3600	2000	13.5825222222	13.5719333333	-0.0007802049	
../read_file/split/MGM	3600	3600000	841154700	842375500	3600	3600	2000	23.3654083333	23.3993194444	0.0014492349	
../read_file/split/HAL	3600	3600000	1734581400	1734163600	3600	3600	2000	48.1828166667	48.1712111111	-0.0002409231	
../read_file/split/Q	3600	3600000	1679990600	1680955200	3600	3600	2000	46.6664055556	46.6932	0.0005738404	
../read_file/split/BSX	3600	3600000	474733200	474224000	3600	3600	2000	13.1870333333	13.1728888889	-0.0010737542	
../read_file/split/NWSA	3600	3600000	582588200	582598200	3600	3600	2000	16.1830055556	16.1832833333	1.71644883212918E-005	
../read_file/split/EMC	3600	3600000	887172800	887190600	3600	3600	2000	24.6436888889	24.6441833333	2.00633325015354E-005	
../read_file/split/MO	3600	3600000	1307456100	1306498400	3600	3600	2000	36.318225	36.2916222222	-0.0007330281	
../read_file/split/RIG	3600	3600000	1581293400	1582460900	3600	3600	2000	43.9248166667	43.9572472222	0.0007377749	
../read_file/split/RF	3600	3600000	371991800	371991000	3600	3600	2000	10.3331055556	10.3330833333	-2.15058966481781E-006	
../read_file/split/HD	3600	3600000	2771113800	2774570200	3600	3600	2000	76.9753833333	77.0713944444	0.0012457425	
../read_file/split/WFT	3600	3600000	495713400	495880400	3600	3600	2000	13.7698166667	13.7744555556	0.0003367748	
../read_file/split/GLW	3600	3600000	618184200	618202200	3600	3600	2000	17.1717833333	17.1722833333	2.91166870644557E-005	
../read_file/split/BMY	3600	3600000	1807470500	1808051700	3600	3600	2000	50.2075138889	50.2236583333	0.000321451	
../read_file/split/VZ	3600	3600000	1717459000	1718927200	3600	3600	2000	47.7071944444	47.7479777778	0.0008541374	
../read_file/split/CIM	3600	3600000	112686000	112686000	3600	3600	2000	3.1301666667	3.1301666667	0	
../read_file/split/THC	3600	3600000	1628889300	1629114400	3600	3600	2000	45.246925	45.2531777778	0.0001381732	
../read_file/split/SNV	3600	3600000	122658000	122658000	3600	3600	2000	3.4071666667	3.4071666667	0	
../read_file/split/WMT	3600	3600000	2673218600	2674449900	3600	3600	2000	74.2560722222	74.290275	0.0004603937	
../read_file/split/MRK	3600	3600000	1877365800	1878448000	3600	3600	2000	52.14905	52.1791111111	0.0005761139	
../read_file/split/HPQ	3600	3600000	1045324400	1045539200	3600	3600	2000	29.0367888889	29.0427555556	0.0002054442	
../read_file/split/CVS	3600	3600000	2426270200	2427362500	3600	3600	2000	67.3963944444	67.4267361111	0.0004499946	
../read_file/split/CHK	3600	3600000	983043000	983751800	3600	3600	2000	27.30675	27.3264388889	0.0007205069	
../read_file/split/MS	3600	3600000	1081512200	1082751600	3600	3600	2000	30.0420055556	30.0764333333	0.0011446762	
../read_file/split/XRX	3600	3600000	382631600	382645800	3600	3600	2000	10.6286555556	10.62905	0.00003711	
../read_file/split/PBR	3600	3600000	407744200	407916400	3600	3600	2000	11.3262277778	11.3310111111	0.0004221453	
../read_file/split/JNJ	3600	3600000	3198959900	3199236300	3600	3600	2000	88.8599972222	88.867675	8.63956188545085E-005	
../read_file/split/USB	3600	3600000	1433874800	1434477400	3600	3600	2000	39.8298555556	39.8465944444	0.0004200833	
../read_file/split/PG	3600	3600000	2793943800	2794352000	3600	3600	2000	77.60955	77.6208888889	0.0001460804	
../read_file/split/DTV	3600	3600000	2472729900	2473412900	3600	3600	2000	68.6869416667	68.7059138889	0.0002761367	
../read_file/split/SLB	3600	3600000	3140138800	3140681800	3600	3600	2000	87.2260777778	87.2411611111	0.0001728924	
../read_file/split/LOW	3600	3600000	1662164100	1663382300	3600	3600	2000	46.171225	46.2050638889	0.0007323632	
../read_file/split/TXN	3600	3600000	1525594300	1526846300	3600	3600	2000	42.3776194444	42.4123972222	0.0008199909	
../read_file/split/WAG	3600	3600000	2038558000	2040411800	3600	3600	2000	56.6266111111	56.6781055556	0.0009085421	
../read_file/split/FCX	3600	3600000	1167583300	1170001800	3600	3600	2000	32.4328694444	32.50005	0.0020670908	
../read_file/split/STX	3600	3600000	1927128900	1926000000	3600	3600	2000	53.5313583333	53.5	-0.0005861371	
