									
../read_file/split/012914/C	3600	3600000	1730339800	1735172800	3600	3600	2000	0.0027853134	0.0004009613
../read_file/split/012914/BAC	3600	3600000	601609600	601620600	3600	3600	2000	1.82839483887354E-005	9.86187013219122E-005
../read_file/split/012914/BP	3600	3600000	1700956800	1702136800	3600	3600	2000	0.0006932463	
../read_file/split/012914/GE	3600	3600000	911434000	910746600	3600	3600	2000	-0.0007547654	
../read_file/split/012914/F	3600	3600000	550986800	551000600	3600	3600	2000	2.50453447782089E-005	
../read_file/split/012914/S	3600	3600000	309053800	309049200	3600	3600	2000	-1.48843614544221E-005	
../read_file/split/012914/PFE	3600	3600000	1086605000	1086444000	3600	3600	2000	-0.0001481899	
../read_file/split/012914/JPM	3600	3600000	1994790000	1995992200	3600	3600	2000	0.000602307	
../read_file/split/012914/WFC	3600	3600000	1642322000	1643752000	3600	3600	2000	0.0008699609	
../read_file/split/012914/LVS	3600	3600000	2673430600	2677460200	3600	3600	2000	0.0015050084	
../read_file/split/012914/XOM	3600	3600000	3440730900	3442668700	3600	3600	2000	0.0005628773	
../read_file/split/012914/NOK	3600	3600000	253728800	253728800	3600	3600	2000	0	
../read_file/split/012914/T	3600	3600000	1201316000	1201992200	3600	3600	2000	0.000562566	
../read_file/split/012914/VALE	3600	3600000	488970800	488589600	3600	3600	2000	-0.0007802049	
../read_file/split/012914/MGM	3600	3600000	841154700	842375500	3600	3600	2000	0.0014492349	
../read_file/split/012914/HAL	3600	3600000	1734581400	1734163600	3600	3600	2000	-0.0002409231	
../read_file/split/012914/Q	3600	3600000	1679990600	1680955200	3600	3600	2000	0.0005738404	
../read_file/split/012914/BSX	3600	3600000	474733200	474224000	3600	3600	2000	-0.0010737542	
../read_file/split/012914/NWSA	3600	3600000	582588200	582598200	3600	3600	2000	1.71644883214538E-005	
../read_file/split/012914/EMC	3600	3600000	887172800	887190600	3600	3600	2000	2.0063332501494E-005	
../read_file/split/012914/MO	3600	3600000	1307456100	1306498400	3600	3600	2000	-0.0007330281	
../read_file/split/012914/RIG	3600	3600000	1581293400	1582460900	3600	3600	2000	0.0007377749	
../read_file/split/012914/RF	3600	3600000	371991800	371991000	3600	3600	2000	-2.15058966480372E-006	
../read_file/split/012914/HD	3600	3600000	2771113800	2774570200	3600	3600	2000	0.0012457425	
../read_file/split/012914/WFT	3600	3600000	495713400	495880400	3600	3600	2000	0.0003367748	
../read_file/split/012914/GLW	3600	3600000	618184200	618202200	3600	3600	2000	2.91166870645235E-005	
../read_file/split/012914/BMY	3600	3600000	1807470500	1808051700	3600	3600	2000	0.000321451	
../read_file/split/012914/VZ	3600	3600000	1717459000	1718927200	3600	3600	2000	0.0008541374	
../read_file/split/012914/CIM	3600	3600000	112686000	112686000	3600	3600	2000	0	
../read_file/split/012914/THC	3600	3600000	1628889300	1629114400	3600	3600	2000	0.0001381732	
../read_file/split/012914/SNV	3600	3600000	122658000	122658000	3600	3600	2000	0	
../read_file/split/012914/WMT	3600	3600000	2673218600	2674449900	3600	3600	2000	0.0004603937	
../read_file/split/012914/MRK	3600	3600000	1877365800	1878448000	3600	3600	2000	0.0005761139	
../read_file/split/012914/HPQ	3600	3600000	1045324400	1045539200	3600	3600	2000	0.0002054442	
../read_file/split/012914/CVS	3600	3600000	2426270200	2427362500	3600	3600	2000	0.0004499946	
../read_file/split/012914/CHK	3600	3600000	983043000	983751800	3600	3600	2000	0.0007205069	
../read_file/split/012914/MS	3600	3600000	1081512200	1082751600	3600	3600	2000	0.0011446762	
../read_file/split/012914/XRX	3600	3600000	382631600	382645800	3600	3600	2000	0.00003711	
../read_file/split/012914/PBR	3600	3600000	407744200	407916400	3600	3600	2000	0.0004221453	
../read_file/split/012914/JNJ	3600	3600000	3198959900	3199236300	3600	3600	2000	8.63956188544122E-005	
../read_file/split/012914/USB	3600	3600000	1433874800	1434477400	3600	3600	2000	0.0004200833	
../read_file/split/012914/PG	3600	3600000	2793943800	2794352000	3600	3600	2000	0.0001460804	
../read_file/split/012914/DTV	3600	3600000	2472729900	2473412900	3600	3600	2000	0.0002761367	
../read_file/split/012914/SLB	3600	3600000	3140138800	3140681800	3600	3600	2000	0.0001728924	
../read_file/split/012914/LOW	3600	3600000	1662164100	1663382300	3600	3600	2000	0.0007323632	
../read_file/split/012914/TXN	3600	3600000	1525594300	1526846300	3600	3600	2000	0.0008199909	
../read_file/split/012914/WAG	3600	3600000	2038558000	2040411800	3600	3600	2000	0.0009085421	
../read_file/split/012914/FCX	3600	3600000	1167583300	1170001800	3600	3600	2000	0.0020670908	
../read_file/split/012914/STX	3600	3600000	1927128900	1926000000	3600	3600	2000	-0.0005861371	
