								
../read_file/split/020714/C	3600	3600000	1770482800	1769979000	3600	3600	2000	-0.0002846361
../read_file/split/020714/BAC	3600	3600000	606850600	606850600	3600	3600	2000	0
../read_file/split/020714/BP	3600	3600000	1712218400	1712312000	3600	3600	2000	5.46629352594621E-005
../read_file/split/020714/GE	3600	3600000	904655200	904654200	3600	3600	2000	-1.1053947464125E-006
../read_file/split/020714/F	3600	3600000	540022400	540022400	3600	3600	2000	0
../read_file/split/020714/S	3600	3600000	289862400	289862400	3600	3600	2000	0
../read_file/split/020714/PFE	3600	3600000	1123074200	1122852800	3600	3600	2000	-0.0001971763
../read_file/split/020714/JPM	3600	3600000	2045021600	2045434000	3600	3600	2000	0.0002016198
../read_file/split/020714/WFC	3600	3600000	1630532000	1630365000	3600	3600	2000	-0.0001024311
../read_file/split/020714/LVS	3600	3600000	2773455000	2773074700	3600	3600	2000	-0.0001371402
../read_file/split/020714/XOM	3600	3600000	3254078200	3253426300	3600	3600	2000	-0.0002003734
../read_file/split/020714/NOK	3600	3600000	270949200	270949200	3600	3600	2000	0
../read_file/split/020714/T	3600	3600000	1159475200	1159774000	3600	3600	2000	0.0002576364
../read_file/split/020714/VALE	3600	3600000	516131000	516322200	3600	3600	2000	0.0003703114
../read_file/split/020714/MGM	3600	3600000	894737400	895013200	3600	3600	2000	0.0003081519
../read_file/split/020714/HAL	3600	3600000	1871958700	1872267300	3600	3600	2000	0.0001648269
../read_file/split/020714/Q	3600	3600000	1736142500	1732862700	3600	3600	2000	-0.0018927062
../read_file/split/020714/BSX	3600	3600000	473063800	473121800	3600	3600	2000	0.00012259
../read_file/split/020714/NWSA	3600	3600000	624662800	624626800	3600	3600	2000	-5.76344146616828E-005
../read_file/split/020714/EMC	3600	3600000	879662200	879660000	3600	3600	2000	-0.000002501
../read_file/split/020714/MO	3600	3600000	1264927200	1264784800	3600	3600	2000	-0.0001125883
../read_file/split/020714/RIG	3600	3600000	1526169600	1526217400	3600	3600	2000	3.13192602836267E-005
../read_file/split/020714/RF	3600	3600000	367075600	367075600	3600	3600	2000	0
../read_file/split/020714/HD	3600	3600000	2747835900	2746458100	3600	3600	2000	-0.0005016643
../read_file/split/020714/WFT	3600	3600000	495974200	495704200	3600	3600	2000	-0.0005446797
../read_file/split/020714/GLW	3600	3600000	659579000	657574400	3600	3600	2000	-0.0030484763
../read_file/split/020714/BMY	3600	3600000	1807373100	1807274200	3600	3600	2000	-5.47232954468116E-005
../read_file/split/020714/VZ	3600	3600000	1684732800	1683941600	3600	3600	2000	-0.00046985
../read_file/split/020714/CIM	3600	3600000	112323000	112323000	3600	3600	2000	0
../read_file/split/020714/THC	3600	3600000	1614958700	1612569300	3600	3600	2000	-0.0014817348
../read_file/split/020714/SNV	3600	3600000	121350000	121350000	3600	3600	2000	0
../read_file/split/020714/WMT	3600	3600000	2650281400	2650073800	3600	3600	2000	-7.83374410176803E-005
../read_file/split/020714/MRK	3600	3600000	1966535200	1964214800	3600	3600	2000	-0.0011813372
../read_file/split/020714/HPQ	3600	3600000	1045935400	1045528200	3600	3600	2000	-0.0003894682
../read_file/split/020714/CVS	3600	3600000	2392083800	2392363800	3600	3600	2000	0.0001170391
../read_file/split/020714/CHK	3600	3600000	880499200	880175200	3600	3600	2000	-0.0003681085
../read_file/split/020714/MS	3600	3600000	1069044800	1069039800	3600	3600	2000	-4.67709434204414E-006
../read_file/split/020714/XRX	3600	3600000	376745000	376745000	3600	3600	2000	0
../read_file/split/020714/PBR	3600	3600000	409763400	409746800	3600	3600	2000	-4.05128240171735E-005
../read_file/split/020714/JNJ	3600	3600000	3234305300	3233187100	3600	3600	2000	-0.0003458507
../read_file/split/020714/USB	3600	3600000	1440722800	1440727400	3600	3600	2000	3.19283162102699E-006
../read_file/split/020714/PG	3600	3600000	2778780000	2778193000	3600	3600	2000	-0.0002112884
../read_file/split/020714/DTV	3600	3600000	2526222200	2523683000	3600	3600	2000	-0.0010061486
../read_file/split/020714/SLB	3600	3600000	3226796100	3225847900	3600	3600	2000	-0.0002939382
../read_file/split/020714/LOW	3600	3600000	1653507400	1652842800	3600	3600	2000	-0.0004020951
../read_file/split/020714/TXN	3600	3600000	1508831200	1508740800	3600	3600	2000	-5.99175153213859E-005
../read_file/split/020714/WAG	3600	3600000	2173975200	2169411600	3600	3600	2000	-0.0021036119
../read_file/split/020714/FCX	3600	3600000	1161600600	1161138600	3600	3600	2000	-0.0003978853
../read_file/split/020714/STX	3600	3600000	1789203600	1787633800	3600	3600	2000	-0.0008781441
