								
../read_file/split/021314/C	3600	3600000	1790474800	1789362000	3600	3600	2000	-0.0006218976
../read_file/split/021314/BAC	3600	3600000	604328000	604328000	3600	3600	2000	0
../read_file/split/021314/BP	3600	3600000	1745308800	1745308800	3600	3600	2000	0
../read_file/split/021314/GE	3600	3600000	914366600	914366600	3600	3600	2000	0
../read_file/split/021314/F	3600	3600000	542299200	542241800	3600	3600	2000	-0.0001058568
../read_file/split/021314/S	3600	3600000	301592400	302377200	3600	3600	2000	0.0025954338
../read_file/split/021314/PFE	3600	3600000	1145283000	1145029600	3600	3600	2000	-0.0002213043
../read_file/split/021314/JPM	3600	3600000	2088805000	2088404200	3600	3600	2000	-0.0001919169
../read_file/split/021314/WFC	3600	3600000	1655770200	1656417600	3600	3600	2000	0.0003908435
../read_file/split/021314/LVS	3600	3600000	2840114300	2838881700	3600	3600	2000	-0.0004341851
../read_file/split/021314/XOM	3600	3600000	3289822000	3290535400	3600	3600	2000	0.0002168036
../read_file/split/021314/NOK	3600	3600000	261159800	261159800	3600	3600	2000	0
../read_file/split/021314/T	3600	3600000	1200756400	1200727800	3600	3600	2000	-2.38188871782597E-005
../read_file/split/021314/VALE	3600	3600000	517434400	517426400	3600	3600	2000	-1.5461136115204E-005
../read_file/split/021314/MGM	3600	3600000	920712800	920473000	3600	3600	2000	-0.0002605182
../read_file/split/021314/HAL	3600	3600000	1932396200	1934713000	3600	3600	2000	0.0011974903
../read_file/split/021314/Q	3600	3600000	1861399600	1861320000	3600	3600	2000	-4.27653493219865E-005
../read_file/split/021314/BSX	3600	3600000	469338400	469338400	3600	3600	2000	0
../read_file/split/021314/NWSA	3600	3600000	639598000	639607600	3600	3600	2000	1.50092025172934E-005
../read_file/split/021314/EMC	3600	3600000	904146600	904170600	3600	3600	2000	2.65436633307918E-005
../read_file/split/021314/MO	3600	3600000	1266202200	1266209400	3600	3600	2000	5.68626326735531E-006
../read_file/split/021314/RIG	3600	3600000	1558884600	1558372800	3600	3600	2000	-0.0003284195
../read_file/split/021314/RF	3600	3600000	369962600	369962600	3600	3600	2000	0
../read_file/split/021314/HD	3600	3600000	2796009600	2797538000	3600	3600	2000	0.0005463375
../read_file/split/021314/WFT	3600	3600000	532829600	532056000	3600	3600	2000	-0.0014539823
../read_file/split/021314/GLW	3600	3600000	686261600	686562200	3600	3600	2000	0.0004378336
../read_file/split/021314/BMY	3600	3600000	1921796600	1921637500	3600	3600	2000	-0.000082794
../read_file/split/021314/VZ	3600	3600000	1703113000	1703125600	3600	3600	2000	7.39816253128953E-006
../read_file/split/021314/CIM	3600	3600000	111962000	111962000	3600	3600	2000	0
../read_file/split/021314/THC	3600	3600000	1692547800	1693181600	3600	3600	2000	0.0003743249
../read_file/split/021314/SNV	3600	3600000	124244200	124244200	3600	3600	2000	0
../read_file/split/021314/WMT	3600	3600000	2714187500	2713425500	3600	3600	2000	-0.0002808258
../read_file/split/021314/MRK	3600	3600000	1985486000	1985522600	3600	3600	2000	1.84334340994154E-005
../read_file/split/021314/HPQ	3600	3600000	1071977800	1071971200	3600	3600	2000	-6.15688182667594E-006
../read_file/split/021314/CVS	3600	3600000	2502426000	2502575400	3600	3600	2000	5.96985009922178E-005
../read_file/split/021314/CHK	3600	3600000	897925600	897970600	3600	3600	2000	0.000050113
../read_file/split/021314/MS	3600	3600000	1073704600	1073939200	3600	3600	2000	0.0002184481
../read_file/split/021314/XRX	3600	3600000	387358600	387358600	3600	3600	2000	0
../read_file/split/021314/PBR	3600	3600000	413843000	414668800	3600	3600	2000	0.0019914689
../read_file/split/021314/JNJ	3600	3600000	3330667000	3330046000	3600	3600	2000	-0.0001864839
../read_file/split/021314/USB	3600	3600000	1450215200	1450142400	3600	3600	2000	-0.000050202
../read_file/split/021314/PG	3600	3600000	2801293800	2801457600	3600	3600	2000	5.8469562416365E-005
../read_file/split/021314/DTV	3600	3600000	2587016300	2587843500	3600	3600	2000	0.0003196484
../read_file/split/021314/SLB	3600	3600000	3249198700	3250227000	3600	3600	2000	0.0003163779
../read_file/split/021314/LOW	3600	3600000	1679125200	1679347200	3600	3600	2000	0.0001321942
../read_file/split/021314/TXN	3600	3600000	1572951900	1572827800	3600	3600	2000	-7.89024710778891E-005
../read_file/split/021314/WAG	3600	3600000	2407529600	2410814600	3600	3600	2000	0.00136261
../read_file/split/021314/FCX	3600	3600000	1192374600	1192194000	3600	3600	2000	-0.0001514854
../read_file/split/021314/STX	3600	3600000	1790057700	1792408200	3600	3600	2000	0.0013113642
