
../read_file/split/C 3600 3600000 1671128400 1670220800 3600 3600 2000
../read_file/split/BAC 3600 3600000 590113600 590113600 3600 3600 2000
../read_file/split/BP 3600 3600000 1658674200 1658627000 3600 3600 2000
../read_file/split/GE 3600 3600000 878510400 878519200 3600 3600 2000
../read_file/split/F 3600 3600000 523279800 523274400 3600 3600 2000
../read_file/split/S 3600 3600000 284174400 284180600 3600 3600 2000
../read_file/split/PFE 3600 3600000 1105583400 1105648600 3600 3600 2000
../read_file/split/JPM 3600 3600000 1960290000 1960898600 3600 3600 2000
../read_file/split/WFC 3600 3600000 1602078800 1601571400 3600 3600 2000
../read_file/split/LVS 3600 3600000 2678731600 2673342400 3600 3600 2000
../read_file/split/XOM 3600 3600000 3247699600 3249130400 3600 3600 2000
../read_file/split/NOK 3600 3600000 240328800 240328800 3600 3600 2000
../read_file/split/T 3600 3600000 1155090600 1155132200 3600 3600 2000
../read_file/split/VALE 3600 3600000 476366600 476366600 3600 3600 2000
../read_file/split/MGM 3600 3600000 853281000 853116800 3600 3600 2000
../read_file/split/HAL 3600 3600000 1739029000 1737943900 3600 3600 2000
../read_file/split/Q 3600 3600000 1675177200 1670889200 3600 3600 2000
../read_file/split/BSX 3600 3600000 469371600 469375800 3600 3600 2000
../read_file/split/NWSA 3600 3600000 560308600 560403200 3600 3600 2000
../read_file/split/EMC 3600 3600000 858131500 858389300 3600 3600 2000
../read_file/split/MO 3600 3600000 1232787800 1232520800 3600 3600 2000
../read_file/split/RIG 3600 3600000 1527781100 1528557100 3600 3600 2000
../read_file/split/RF 3600 3600000 354073600 354073600 3600 3600 2000
../read_file/split/HD 3600 3600000 2707818700 2705695100 3600 3600 2000
../read_file/split/WFT 3600 3600000 475714800 474640400 3600 3600 2000
../read_file/split/GLW 3600 3600000 613777000 613750200 3600 3600 2000
../read_file/split/BMY 3600 3600000 1755237600 1754773700 3600 3600 2000